0.0
2.0
0.0
0.0
0.0
0.0
0.0
5.0
0.0
0.0
0.0
0.0
0.0
0.0
0.0
0.0
0.0
0.0
0.0
0.0
0.0
0.0
0.0
0.0
0.0
0.0
0.0
0.0
1.0
0.0
0.0
1.0
0.0
46.0
0.0
0.0
0.0
0.0
0.0
52.0
0.0
0.0
43.0
0.0
0.0
0.0
0.0
0.0
0.0
0.0
0.0
0.0
0.0
0.0
0.0
873.0
49.0
4.0
0.0
0.0
0.0
45.0
0.0
0.0
0.0
0.0
1.0
0.0
0.0
0.0
0.0
49.0
0.0
0.0
0.0
54.0
0.0
0.0
1.0
0.0
0.0
0.0
1.0
0.0
0.0
47.0
0.0
0.0
43.0
0.0
1.0
0.0
0.0
0.0
0.0
0.0
0.0
0.0
8.0
0.0
0.0
0.0
0.0
0.0
0.0
0.0
0.0
44.0
4.0
0.0
0.0
0.0
0.0
0.0
11.0
0.0
0.0
0.0
2.0
0.0
0.0
0.0
10.0
0.0
1000.0
49.0
0.0
0.0
0.0
0.0
61.0
0.0
1.0
0.0
0.0
1000.0
0.0
0.0
0.0
0.0
7.0
47.0
0.0
0.0
0.0
0.0
0.0
0.0
2.0
0.0
1000.0
0.0
399.0
46.0
37.0
0.0
0.0
0.0
0.0
0.0
0.0
0.0
0.0
0.0
1.0
0.0
53.0
0.0
0.0
0.0
2.0
46.0
1.0
0.0
0.0
0.0
0.0
0.0
0.0
0.0
0.0
0.0
1.0
0.0
0.0
0.0
0.0
1.0
0.0
0.0
0.0
0.0
0.0
0.0
0.0
58.0
0.0
0.0
0.0
0.0
0.0
0.0
0.0
47.0
0.0
44.0
0.0
0.0
0.0
0.0
0.0
0.0
0.0
0.0
0.0
0.0
0.0
0.0
0.0
57.0
0.0
0.0
0.0
0.0
0.0
0.0
2.0
0.0
0.0
0.0
0.0
0.0
40.0
0.0
0.0
0.0
0.0
43.0
0.0
0.0
0.0
0.0
0.0
1.0
0.0
0.0
0.0
0.0
0.0
0.0
0.0
0.0
2.0
0.0
0.0
0.0
0.0
0.0
14.0
0.0
50.0
0.0
0.0
0.0
1000.0
0.0
0.0
0.0
0.0
0.0
0.0
0.0
0.0
0.0
0.0
0.0
0.0
0.0
15.0
0.0
95.0
0.0
0.0
0.0
0.0
0.0
0.0
48.0
0.0
0.0
0.0
0.0
0.0
0.0
0.0
30.0
0.0
0.0
0.0
5.0
0.0
0.0
52.0
0.0
0.0
0.0
0.0
0.0
54.0
0.0
0.0
0.0
0.0
0.0
0.0
0.0
0.0
0.0
22.0
0.0
0.0
0.0
0.0
0.0
0.0
6.0
0.0
0.0
0.0
0.0
0.0
1.0
0.0
51.0
0.0
0.0
0.0
49.0
0.0
0.0
0.0
0.0
0.0
0.0
0.0
1.0
0.0
0.0
0.0
0.0
0.0
1000.0
0.0
0.0
0.0
0.0
0.0
0.0
0.0
0.0
0.0
6.0
0.0
0.0
50.0
0.0
0.0
0.0
0.0
0.0
0.0
0.0
0.0
0.0
0.0
0.0
0.0
56.0
0.0
165.0
0.0
0.0
0.0
52.0
0.0
0.0
0.0
0.0
0.0
0.0
10.0
0.0
0.0
0.0
0.0
0.0
0.0
0.0
0.0
0.0
0.0
0.0
0.0
0.0
0.0
0.0
57.0
0.0
0.0
0.0
0.0
0.0
43.0
0.0
0.0
0.0
0.0
48.0
0.0
0.0
541.0
100.0
0.0
0.0
0.0
0.0
48.0
0.0
1000.0
0.0
0.0
0.0
0.0
0.0
0.0
0.0
314.0
407.0
0.0
0.0
0.0
0.0
0.0
0.0
61.0
0.0
63.0
0.0
0.0
1.0
0.0
62.0
0.0
0.0
0.0
0.0
0.0
65.0
0.0
0.0
1.0
0.0
0.0
3.0
0.0
0.0
40.0
0.0
0.0
43.0
0.0
0.0
0.0
0.0
0.0
0.0
0.0
0.0
66.0
0.0
0.0
0.0
0.0
0.0
4.0
0.0
0.0
0.0
0.0
434.0
0.0
5.0
0.0
0.0
47.0
0.0
0.0
0.0
44.0
0.0
0.0
0.0
8.0
0.0
0.0
0.0
4.0
0.0
0.0
0.0
0.0
0.0
0.0
0.0
0.0
0.0
0.0
0.0
0.0
0.0
2.0
0.0
0.0
0.0
4.0
53.0
0.0
1.0
0.0
0.0
0.0
0.0
0.0
0.0
92.0
0.0
0.0
0.0
0.0
0.0
1.0
0.0
51.0
0.0
0.0
0.0
1.0
0.0
0.0
0.0
55.0
67.0
4.0
0.0
0.0
0.0
0.0
0.0
0.0
0.0
45.0
0.0
0.0
0.0
26.0
0.0
0.0
0.0
4.0
1.0
0.0
0.0
0.0
0.0
0.0
0.0
0.0
47.0
0.0
0.0
0.0
0.0
0.0
7.0
0.0
0.0
0.0
64.0
0.0
4.0
3.0
0.0
0.0
0.0
0.0
0.0
7.0
0.0
60.0
0.0
0.0
0.0
56.0
0.0
0.0
2.0
767.0
3.0
0.0
1.0
0.0
42.0
18.0
0.0
3.0
0.0
1.0
0.0
0.0
43.0
0.0
44.0
0.0
0.0
0.0
0.0
56.0
0.0
0.0
0.0
0.0
0.0
61.0
0.0
48.0
0.0
0.0
1.0
0.0
0.0
0.0
47.0
0.0
0.0
0.0
0.0
46.0
0.0
0.0
0.0
1.0
0.0
1.0
0.0
0.0
0.0
53.0
0.0
0.0
0.0
0.0
0.0
0.0
0.0
1.0
0.0
0.0
0.0
1.0
58.0
0.0
0.0
0.0
0.0
0.0
0.0
7.0
0.0
0.0
1000.0
0.0
0.0
0.0
0.0
0.0
42.0
0.0
0.0
0.0
0.0
2.0
0.0
0.0
0.0
0.0
0.0
4.0
0.0
14.0
53.0
0.0
0.0
0.0
39.0
0.0
0.0
32.0
1.0
0.0
6.0
0.0
0.0
0.0
0.0
0.0
0.0
0.0
0.0
1.0
1.0
0.0
0.0
0.0
212.0
0.0
0.0
0.0
0.0
0.0
0.0
0.0
0.0
45.0
0.0
49.0
0.0
0.0
2.0
1.0
0.0
50.0
2.0
0.0
0.0
0.0
0.0
0.0
57.0
1.0
0.0
0.0
0.0
0.0
0.0
0.0
0.0
0.0
0.0
0.0
33.0
46.0
0.0
0.0
58.0
0.0
1.0
0.0
0.0
0.0
0.0
4.0
0.0
54.0
974.0
0.0
321.0
0.0
0.0
0.0
0.0
0.0
0.0
0.0
45.0
0.0
0.0
0.0
0.0
36.0
0.0
0.0
0.0
0.0
0.0
0.0
0.0
0.0
0.0
54.0
0.0
0.0
0.0
0.0
0.0
60.0
0.0
0.0
0.0
55.0
0.0
1.0
35.0
0.0
0.0
1000.0
0.0
0.0
56.0
0.0
0.0
0.0
48.0
2.0
0.0
47.0
0.0
0.0
0.0
50.0
860.0
0.0
0.0
1.0
59.0
0.0
8.0
0.0
0.0
0.0
0.0
0.0
0.0
0.0
0.0
0.0
0.0
1.0
0.0
0.0
0.0
57.0
0.0
0.0
0.0
0.0
0.0
0.0
0.0
0.0
0.0
0.0
1.0
0.0
96.0
0.0
0.0
0.0
0.0
1.0
0.0
0.0
0.0
56.0
0.0
0.0
53.0
0.0
0.0
0.0
0.0
0.0
0.0
0.0
0.0
0.0
0.0
0.0
0.0
0.0
0.0
0.0
0.0
0.0
5.0
0.0
0.0
0.0
0.0
0.0
0.0
0.0
0.0
0.0
0.0
0.0
0.0
0.0
0.0
0.0
8.0
1000.0
0.0
0.0
43.0
0.0
0.0
0.0
3.0
51.0
72.0
0.0
0.0
0.0
0.0
0.0
0.0
0.0
0.0
4.0
0.0
51.0
0.0
0.0
0.0
0.0
0.0
0.0
0.0
0.0
0.0
0.0
0.0
0.0
0.0
0.0
2.0
0.0
0.0
0.0
0.0
0.0
0.0
0.0
0.0
0.0
0.0
0.0
0.0
0.0
0.0
0.0
0.0
6.0
0.0
0.0
0.0
51.0
3.0
0.0
0.0
0.0
0.0
0.0
0.0
45.0
45.0
0.0
0.0
0.0
46.0
0.0
0.0
0.0
11.0
0.0
0.0
0.0
0.0
0.0
0.0
0.0
0.0
2.0
0.0
0.0
1.0
0.0
0.0
1.0
0.0
0.0
0.0
0.0
48.0
0.0
0.0
0.0
0.0
0.0
0.0
0.0
4.0
50.0
0.0
61.0
0.0
0.0
57.0
8.0
4.0
0.0
0.0
0.0
0.0
0.0
0.0
55.0
56.0
0.0
327.0
0.0
16.0
162.0
1.0
0.0
1000.0
0.0
47.0
5.0
0.0
52.0
0.0
0.0
0.0
2.0
0.0
0.0
0.0
0.0
1.0
0.0
0.0
0.0
0.0
0.0
0.0
0.0
0.0
4.0
0.0
0.0
0.0
0.0
0.0
0.0
0.0
1.0
0.0
0.0
0.0
0.0
53.0
0.0
0.0
0.0
48.0
0.0
0.0
5.0
0.0
0.0
0.0
0.0
0.0
0.0
0.0
0.0
0.0
8.0
0.0
0.0
0.0
0.0
0.0
0.0
0.0
0.0
0.0
0.0
16.0
0.0
0.0
0.0
0.0
0.0
15.0
0.0
6.0
0.0
0.0
1.0
0.0
0.0
0.0
0.0
56.0
41.0
46.0
10.0
0.0
0.0
0.0
0.0
0.0
0.0
0.0
0.0
4.0
0.0
0.0
1000.0
0.0
0.0
1.0
0.0
0.0
0.0
0.0
0.0
0.0
0.0
0.0
0.0
54.0
0.0
0.0
2.0
0.0
0.0
0.0
2.0
0.0
0.0
0.0
0.0
0.0
0.0
0.0
0.0
0.0
0.0
0.0
0.0
0.0
0.0
0.0
0.0
0.0
0.0
0.0
0.0
0.0
20.0
0.0
46.0
989.0
1.0
0.0
0.0
0.0
59.0
0.0
0.0
0.0
0.0
0.0
0.0
0.0
0.0
0.0
0.0
0.0
0.0
0.0
0.0
0.0
338.0
0.0
0.0
717.0
0.0
46.0
1.0
0.0
1.0
0.0
0.0
55.0
276.0
0.0
0.0
0.0
40.0
0.0
17.0
63.0
1.0
0.0
0.0
1000.0
3.0
40.0
0.0
0.0
0.0
0.0
0.0
0.0
0.0
0.0
0.0
0.0
0.0
0.0
0.0
0.0
0.0
0.0
0.0
0.0
0.0
5.0
14.0
0.0
0.0
0.0
0.0
0.0
0.0
0.0
0.0
0.0
0.0
34.0
0.0
0.0
310.0
0.0
1.0
50.0
43.0
0.0
0.0
2.0
42.0
0.0
0.0
0.0
0.0
0.0
4.0
0.0
0.0
1.0
0.0
55.0
0.0
0.0
0.0
0.0
0.0
52.0
0.0
0.0
0.0
0.0
0.0
0.0
0.0
0.0
0.0
1.0
0.0
0.0
0.0
0.0
57.0
0.0
0.0
0.0
0.0
0.0
0.0
981.0
0.0
0.0
0.0
0.0
0.0
55.0
0.0
0.0
0.0
0.0
8.0
0.0
0.0
0.0
1.0
0.0
0.0
0.0
0.0
0.0
0.0
0.0
0.0
0.0
0.0
0.0
0.0
0.0
0.0
0.0
42.0
1000.0
0.0
1.0
0.0
0.0
0.0
0.0
1000.0
3.0
0.0
0.0
50.0
0.0
0.0
0.0
0.0
0.0
78.0
0.0
0.0
0.0
0.0
0.0
0.0
0.0
1.0
0.0
0.0
0.0
63.0
0.0
0.0
1.0
54.0
0.0
0.0
13.0
0.0
0.0
0.0
1000.0
0.0
0.0
49.0
0.0
0.0
0.0
0.0
0.0
0.0
0.0
0.0
0.0
56.0
306.0
0.0
0.0
0.0
6.0
0.0
0.0
326.0
0.0
43.0
57.0
0.0
0.0
0.0
0.0
0.0
1.0
0.0
0.0
91.0
27.0
0.0
0.0
0.0
59.0
0.0
0.0
49.0
0.0
4.0
0.0
41.0
54.0
0.0
0.0
0.0
0.0
0.0
0.0
0.0
54.0
49.0
0.0
0.0
5.0
0.0
0.0
49.0
0.0
0.0
0.0
434.0
0.0
0.0
0.0
4.0
0.0
1.0
0.0
49.0
0.0
0.0
0.0
0.0
0.0
0.0
0.0
0.0
15.0
8.0
0.0
0.0
0.0
0.0
0.0
0.0
3.0
0.0
0.0
0.0
0.0
54.0
0.0
0.0
0.0
0.0
0.0
0.0
0.0
0.0
694.0
0.0
0.0
0.0
0.0
0.0
52.0
0.0
0.0
0.0
0.0
44.0
0.0
0.0
36.0
0.0
0.0
1000.0
0.0
0.0
0.0
0.0
0.0
0.0
0.0
1000.0
0.0
0.0
0.0
0.0
0.0
1.0
56.0
0.0
0.0
0.0
0.0
0.0
0.0
0.0
77.0
0.0
92.0
0.0
0.0
0.0
0.0
0.0
7.0
0.0
1000.0
0.0
19.0
0.0
2.0
0.0
0.0
3.0
0.0
0.0
0.0
50.0
0.0
1000.0
0.0
0.0
0.0
0.0
0.0
0.0
38.0
0.0
0.0
0.0
0.0
0.0
0.0
0.0
0.0
0.0
978.0
0.0
44.0
1.0
0.0
0.0
0.0
39.0
52.0
0.0
0.0
0.0
0.0
0.0
50.0
0.0
0.0
0.0
0.0
1.0
0.0
0.0
0.0
0.0
0.0
53.0
0.0
52.0
0.0
2.0
49.0
0.0
1.0
0.0
0.0
0.0
0.0
56.0
0.0
0.0
0.0
0.0
2.0
0.0
0.0
0.0
0.0
0.0
0.0
0.0
0.0
1.0
0.0
0.0
0.0
0.0
0.0
0.0
0.0
0.0
15.0
0.0
0.0
8.0
0.0
2.0
0.0
342.0
47.0
54.0
0.0
0.0
0.0
0.0
0.0
0.0
0.0
0.0
1000.0
0.0
0.0
0.0
0.0
3.0
0.0
0.0
0.0
0.0
0.0
2.0
1.0
0.0
0.0
0.0
0.0
0.0
0.0
0.0
0.0
0.0
0.0
1.0
0.0
0.0
0.0
0.0
0.0
46.0
0.0
0.0
0.0
0.0
0.0
0.0
0.0
0.0
0.0
3.0
0.0
13.0
0.0
106.0
0.0
0.0
4.0
0.0
0.0
0.0
62.0
0.0
0.0
0.0
0.0
0.0
0.0
0.0
0.0
0.0
0.0
0.0
0.0
714.0
4.0
0.0
0.0
0.0
0.0
0.0
0.0
1.0
0.0
0.0
0.0
0.0
60.0
1.0
0.0
0.0
0.0
0.0
0.0
0.0
2.0
0.0
0.0
0.0
60.0
0.0
0.0
0.0
0.0
0.0
0.0
0.0
0.0
0.0
0.0
0.0
0.0
0.0
0.0
52.0
89.0
0.0
0.0
52.0
0.0
0.0
1.0
1.0
0.0
0.0
0.0
0.0
0.0
0.0
0.0
0.0
6.0
0.0
0.0
21.0
0.0
9.0
0.0
0.0
0.0
0.0
0.0
55.0
0.0
0.0
5.0
0.0
0.0
0.0
0.0
0.0
0.0
18.0
0.0
0.0
0.0
0.0
0.0
0.0
0.0
0.0
0.0
0.0
0.0
0.0
0.0
0.0
62.0
0.0
0.0
0.0
0.0
0.0
0.0
49.0
0.0
0.0
0.0
0.0
0.0
0.0
0.0
0.0
0.0
48.0
0.0
0.0
0.0
0.0
43.0
0.0
52.0
0.0
0.0
0.0
0.0
1.0
58.0
0.0
0.0
0.0
0.0
0.0
0.0
0.0
0.0
0.0
0.0
0.0
0.0
19.0
0.0
42.0
0.0
0.0
0.0
0.0
0.0
266.0
52.0
0.0
0.0
0.0
58.0
0.0
0.0
0.0
2.0
67.0
0.0
0.0
42.0
0.0
0.0
66.0
57.0
49.0
50.0
0.0
0.0
0.0
0.0
0.0
0.0
0.0
15.0
0.0
0.0
0.0
0.0
57.0
0.0
7.0
324.0
0.0
1.0
9.0
0.0
1000.0
0.0
0.0
2.0
0.0
1000.0
2.0
0.0
0.0
0.0
0.0
0.0
0.0
0.0
0.0
0.0
0.0
0.0
0.0
0.0
5.0
50.0
0.0
0.0
0.0
1.0
0.0
0.0
5.0
0.0
0.0
0.0
57.0
0.0
0.0
0.0
4.0
0.0
0.0
0.0
54.0
0.0
0.0
0.0
0.0
0.0
51.0
0.0
6.0
0.0
0.0
47.0
518.0
0.0
0.0
481.0
0.0
1.0
0.0
0.0
0.0
0.0
0.0
0.0
0.0
0.0
0.0
0.0
0.0
50.0
4.0
0.0
0.0
0.0
0.0
0.0
0.0
0.0
0.0
55.0
0.0
31.0
0.0
1000.0
1000.0
0.0
0.0
0.0
0.0
0.0
0.0
0.0
0.0
0.0
0.0
0.0
50.0
0.0
0.0
0.0
0.0
0.0
57.0
39.0
0.0
0.0
0.0
0.0
0.0
0.0
0.0
0.0
0.0
0.0
0.0
0.0
0.0
0.0
0.0
1000.0
0.0
0.0
6.0
0.0
0.0
0.0
0.0
0.0
0.0
0.0
0.0
51.0
0.0
0.0
46.0
5.0
0.0
0.0
0.0
5.0
0.0
0.0
0.0
36.0
0.0
0.0
46.0
0.0
10.0
0.0
60.0
0.0
0.0
0.0
0.0
0.0
0.0
0.0
0.0
0.0
0.0
0.0
46.0
0.0
2.0
0.0
0.0
0.0
45.0
20.0
12.0
0.0
0.0
1.0
0.0
0.0
344.0
0.0
3.0
0.0
0.0
0.0
0.0
0.0
0.0
0.0
0.0
0.0
0.0
0.0
0.0
0.0
41.0
0.0
0.0
0.0
0.0
53.0
0.0
0.0
0.0
0.0
0.0
91.0
0.0
0.0
0.0
0.0
52.0
0.0
0.0
0.0
0.0
0.0
0.0
0.0
0.0
0.0
0.0
0.0
1.0
0.0
0.0
0.0
0.0
0.0
0.0
0.0
7.0
1.0
0.0
0.0
0.0
0.0
0.0
0.0
0.0
0.0
27.0
0.0
0.0
0.0
0.0
0.0
1.0
0.0
0.0
0.0
0.0
0.0
53.0
0.0
0.0
0.0
0.0
0.0
51.0
0.0
0.0
0.0
0.0
0.0
0.0
0.0
0.0
0.0
5.0
0.0
0.0
0.0
0.0
0.0
0.0
0.0
0.0
0.0
0.0
10.0
42.0
0.0
4.0
1.0
0.0
1.0
0.0
0.0
0.0
4.0
0.0
0.0
7.0
0.0
0.0
0.0
5.0
49.0
0.0
0.0
47.0
0.0
0.0
0.0
0.0
0.0
0.0
0.0
0.0
0.0
0.0
0.0
0.0
0.0
0.0
0.0
0.0
0.0
0.0
0.0
0.0
0.0
0.0
63.0
0.0
0.0
0.0
0.0
0.0
0.0
48.0
0.0
0.0
0.0
0.0
0.0
0.0
0.0
0.0
3.0
0.0
0.0
0.0
0.0
0.0
0.0
0.0
0.0
1.0
0.0
42.0
0.0
0.0
0.0
0.0
0.0
0.0
0.0
0.0
0.0
43.0
43.0
0.0
47.0
0.0
0.0
43.0
0.0
0.0
51.0
0.0
57.0
0.0
0.0
0.0
0.0
0.0
0.0
0.0
0.0
51.0
987.0
55.0
0.0
0.0
0.0
0.0
2.0
0.0
56.0
0.0
4.0
0.0
0.0
0.0
0.0
1.0
0.0
0.0
0.0
0.0
0.0
0.0
1.0
0.0
46.0
0.0
0.0
0.0
0.0
0.0
0.0
54.0
2.0
0.0
12.0
42.0
0.0
0.0
0.0
45.0
0.0
0.0
0.0
0.0
0.0
0.0
0.0
0.0
0.0
0.0
0.0
40.0
0.0
0.0
0.0
0.0
0.0
0.0
0.0
51.0
0.0
0.0
10.0
0.0
0.0
0.0
0.0
0.0
1.0
7.0
0.0
50.0
0.0
0.0
0.0
0.0
0.0
0.0
0.0
0.0
56.0
0.0
52.0
0.0
0.0
0.0
0.0
0.0
0.0
0.0
0.0
0.0
0.0
0.0
0.0
51.0
1.0
0.0
0.0
45.0
0.0
0.0
0.0
0.0
0.0
0.0
0.0
0.0
0.0
0.0
57.0
0.0
0.0
0.0
0.0
0.0
0.0
5.0
0.0
0.0
0.0
0.0
0.0
54.0
0.0
0.0
0.0
0.0
0.0
0.0
60.0
0.0
0.0
0.0
0.0
48.0
0.0
0.0
0.0
0.0
0.0
1.0
0.0
0.0
0.0
71.0
0.0
0.0
0.0
0.0
0.0
85.0
0.0
0.0
0.0
0.0
33.0
0.0
0.0
0.0
0.0
0.0
0.0
1.0
0.0
0.0
0.0
0.0
0.0
0.0
0.0
0.0
995.0
0.0
0.0
0.0
0.0
0.0
0.0
0.0
0.0
0.0
0.0
0.0
0.0
0.0
0.0
7.0
0.0
9.0
0.0
0.0
0.0
2.0
0.0
0.0
0.0
0.0
0.0
0.0
0.0
0.0
40.0
7.0
0.0
0.0
0.0
0.0
51.0
0.0
0.0
0.0
0.0
0.0
0.0
0.0
0.0
0.0
1000.0
0.0
0.0
0.0
831.0
0.0
0.0
0.0
55.0
0.0
0.0
0.0
0.0
0.0
0.0
2.0
0.0
46.0
0.0
0.0
0.0
0.0
0.0
0.0
0.0
1.0
0.0
0.0
0.0
0.0
0.0
0.0
0.0
0.0
3.0
0.0
1.0
0.0
45.0
0.0
0.0
0.0
0.0
0.0
12.0
0.0
0.0
0.0
0.0
0.0
0.0
1.0
0.0
0.0
0.0
0.0
0.0
0.0
0.0
0.0
0.0
0.0
0.0
0.0
0.0
0.0
55.0
0.0
0.0
0.0
0.0
0.0
42.0
51.0
0.0
0.0
1000.0
0.0
0.0
0.0
4.0
0.0
39.0
0.0
0.0
1.0
0.0
44.0
0.0
0.0
0.0
0.0
0.0
0.0
0.0
0.0
0.0
0.0
0.0
0.0
0.0
56.0
1.0
0.0
0.0
0.0
48.0
0.0
0.0
0.0
0.0
0.0
0.0
0.0
0.0
0.0
0.0
0.0
1.0
10.0
0.0
0.0
0.0
0.0
0.0
0.0
0.0
0.0
0.0
1.0
0.0
0.0
12.0
0.0
0.0
1.0
0.0
0.0
0.0
0.0
0.0
0.0
0.0
0.0
0.0
2.0
8.0
0.0
0.0
1.0
0.0
0.0
0.0
0.0
0.0
0.0
0.0
38.0
0.0
0.0
56.0
0.0
0.0
0.0
0.0
0.0
0.0
0.0
47.0
0.0
0.0
0.0
0.0
0.0
0.0
0.0
0.0
0.0
0.0
3.0
44.0
0.0
0.0
0.0
55.0
0.0
0.0
0.0
6.0
40.0
0.0
0.0
1.0
0.0
0.0
62.0
54.0
0.0
0.0
1.0
0.0
0.0
0.0
0.0
0.0
4.0
0.0
0.0
2.0
0.0
0.0
0.0
0.0
0.0
53.0
0.0
64.0
0.0
4.0
0.0
0.0
0.0
0.0
0.0
0.0
1.0
0.0
0.0
6.0
0.0
0.0
0.0
0.0
0.0
0.0
0.0
0.0
0.0
47.0
0.0
0.0
60.0
0.0
0.0
0.0
0.0
0.0
0.0
0.0
0.0
46.0
0.0
0.0
0.0
0.0
4.0
6.0
0.0
310.0
0.0
0.0
0.0
0.0
58.0
2.0
0.0
0.0
0.0
0.0
0.0
0.0
0.0
0.0
0.0
1.0
0.0
0.0
0.0
0.0
0.0
0.0
0.0
52.0
49.0
0.0
312.0
0.0
0.0
0.0
0.0
0.0
0.0
0.0
122.0
0.0
0.0
0.0
0.0
0.0
0.0
0.0
0.0
55.0
0.0
0.0
0.0
0.0
54.0
0.0
0.0
0.0
0.0
0.0
0.0
0.0
0.0
41.0
47.0
0.0
49.0
0.0
0.0
0.0
0.0
0.0
0.0
0.0
0.0
2.0
0.0
0.0
1.0
53.0
0.0
0.0
4.0
0.0
0.0
0.0
0.0
0.0
0.0
0.0
51.0
0.0
0.0
0.0
0.0
0.0
3.0
0.0
0.0
0.0
0.0
0.0
3.0
53.0
50.0
313.0
0.0
0.0
0.0
0.0
0.0
0.0
5.0
0.0
0.0
0.0
0.0
0.0
9.0
0.0
3.0
0.0
0.0
0.0
0.0
0.0
0.0
0.0
0.0
0.0
0.0
0.0
0.0
0.0
0.0
0.0
0.0
0.0
0.0
51.0
0.0
0.0
0.0
0.0
0.0
0.0
0.0
197.0
0.0
0.0
0.0
0.0
0.0
69.0
0.0
60.0
2.0
50.0
89.0
0.0
0.0
0.0
0.0
0.0
0.0
52.0
0.0
11.0
0.0
0.0
0.0
55.0
45.0
159.0
1.0
1.0
1.0
0.0
1.0
0.0
69.0
0.0
0.0
0.0
49.0
0.0
1.0
0.0
0.0
36.0
0.0
0.0
0.0
323.0
0.0
0.0
0.0
1.0
7.0
0.0
59.0
0.0
50.0
0.0
0.0
0.0
1.0
0.0
0.0
0.0
0.0
0.0
0.0
0.0
6.0
0.0
0.0
0.0
0.0
2.0
0.0
0.0
50.0
0.0
0.0
0.0
0.0
0.0
0.0
60.0
0.0
0.0
0.0
0.0
0.0
68.0
0.0
56.0
0.0
0.0
0.0
0.0
0.0
0.0
0.0
0.0
0.0
0.0
0.0
0.0
0.0
0.0
44.0
0.0
56.0
0.0
0.0
497.0
98.0
51.0
0.0
42.0
0.0
43.0
0.0
0.0
0.0
0.0
0.0
0.0
0.0
52.0
0.0
0.0
0.0
45.0
0.0
0.0
0.0
0.0
52.0
0.0
1.0
2.0
0.0
0.0
0.0
0.0
0.0
0.0
0.0
0.0
0.0
0.0
56.0
0.0
0.0
0.0
0.0
0.0
4.0
0.0
0.0
0.0
0.0
0.0
0.0
0.0
0.0
1000.0
3.0
0.0
0.0
0.0
0.0
0.0
1.0
22.0
0.0
0.0
0.0
0.0
1.0
0.0
2.0
0.0
0.0
0.0
46.0
0.0
0.0
0.0
2.0
0.0
0.0
0.0
1.0
0.0
0.0
0.0
0.0
0.0
0.0
2.0
0.0
43.0
0.0
0.0
0.0
0.0
0.0
0.0
0.0
0.0
0.0
0.0
1.0
0.0
54.0
866.0
0.0
6.0
56.0
0.0
0.0
0.0
0.0
0.0
1000.0
0.0
53.0
0.0
0.0
0.0
0.0
0.0
52.0
0.0
0.0
0.0
0.0
0.0
0.0
0.0
0.0
0.0
0.0
63.0
7.0
1.0
0.0
0.0
2.0
44.0
92.0
0.0
0.0
0.0
0.0
0.0
13.0
0.0
71.0
0.0
0.0
5.0
0.0
0.0
0.0
51.0
0.0
0.0
0.0
0.0
0.0
0.0
0.0
12.0
0.0
0.0
50.0
0.0
0.0
0.0
0.0
1.0
0.0
0.0
0.0
0.0
52.0
0.0
0.0
3.0
0.0
0.0
0.0
0.0
0.0
0.0
0.0
0.0
0.0
0.0
0.0
3.0
0.0
0.0
44.0
1.0
0.0
0.0
0.0
0.0
0.0
0.0
0.0
0.0
3.0
15.0
3.0
0.0
0.0
0.0
0.0
0.0
1.0
0.0
0.0
46.0
40.0
0.0
42.0
0.0
1000.0
0.0
0.0
0.0
0.0
0.0
0.0
1.0
0.0
0.0
0.0
0.0
0.0
0.0
0.0
0.0
0.0
1.0
0.0
0.0
40.0
0.0
0.0
0.0
0.0
0.0
50.0
0.0
1.0
4.0
0.0
0.0
0.0
9.0
0.0
0.0
0.0
0.0
1000.0
0.0
0.0
1.0
0.0
0.0
0.0
0.0
47.0
0.0
50.0
0.0
3.0
0.0
0.0
44.0
55.0
4.0
0.0
0.0
1.0
0.0
0.0
0.0
0.0
4.0
0.0
1.0
45.0
7.0
0.0
0.0
0.0
0.0
0.0
0.0
0.0
43.0
0.0
0.0
0.0
0.0
0.0
54.0
0.0
53.0
0.0
0.0
0.0
0.0
0.0
0.0
0.0
0.0
0.0
0.0
1.0
0.0
0.0
0.0
0.0
0.0
0.0
0.0
1.0
58.0
2.0
0.0
0.0
0.0
846.0
0.0
0.0
0.0
0.0
0.0
0.0
0.0
0.0
0.0
1.0
1000.0
1.0
0.0
0.0
0.0
0.0
0.0
0.0
0.0
258.0
2.0
0.0
2.0
0.0
0.0
0.0
52.0
0.0
0.0
8.0
1.0
54.0
0.0
0.0
0.0
0.0
0.0
0.0
0.0
0.0
0.0
0.0
0.0
0.0
7.0
783.0
0.0
0.0
0.0
0.0
0.0
0.0
41.0
45.0
0.0
0.0
0.0
0.0
0.0
0.0
0.0
0.0
0.0
0.0
0.0
0.0
0.0
0.0
0.0
0.0
0.0
4.0
0.0
0.0
0.0
64.0
0.0
0.0
59.0
0.0
0.0
51.0
341.0
0.0
0.0
0.0
0.0
55.0
0.0
0.0
8.0
0.0
47.0
0.0
5.0
0.0
0.0
0.0
0.0
0.0
0.0
0.0
0.0
48.0
0.0
0.0
65.0
61.0
0.0
63.0
46.0
0.0
0.0
0.0
0.0
0.0
0.0
0.0
0.0
1.0
0.0
0.0
0.0
0.0
0.0
64.0
0.0
0.0
2.0
0.0
46.0
74.0
54.0
50.0
0.0
0.0
0.0
0.0
0.0
0.0
0.0
0.0
0.0
0.0
0.0
0.0
0.0
0.0
0.0
0.0
0.0
1000.0
0.0
0.0
0.0
56.0
0.0
0.0
0.0
0.0
0.0
0.0
0.0
0.0
0.0
0.0
18.0
0.0
0.0
0.0
0.0
2.0
0.0
0.0
0.0
0.0
11.0
0.0
0.0
0.0
0.0
28.0
0.0
0.0
0.0
0.0
0.0
0.0
0.0
0.0
0.0
0.0
0.0
25.0
0.0
0.0
59.0
0.0
52.0
4.0
1.0
0.0
47.0
41.0
0.0
0.0
0.0
0.0
0.0
0.0
0.0
0.0
39.0
0.0
0.0
0.0
309.0
2.0
0.0
0.0
0.0
36.0
0.0
5.0
0.0
0.0
0.0
0.0
6.0
0.0
0.0
0.0
0.0
41.0
0.0
0.0
0.0
333.0
0.0
0.0
0.0
0.0
0.0
0.0
56.0
1.0
3.0
0.0
0.0
47.0
0.0
0.0
0.0
0.0
0.0
3.0
0.0
0.0
0.0
47.0
0.0
0.0
0.0
0.0
0.0
40.0
0.0
0.0
0.0
0.0
0.0
0.0
0.0
0.0
61.0
0.0
1.0
0.0
0.0
0.0
49.0
0.0
1.0
7.0
0.0
0.0
0.0
0.0
0.0
0.0
3.0
0.0
0.0
1000.0
0.0
4.0
0.0
0.0
47.0
53.0
0.0
0.0
57.0
0.0
0.0
0.0
0.0
0.0
0.0
5.0
0.0
0.0
0.0
0.0
0.0
0.0
0.0
51.0
13.0
0.0
0.0
0.0
0.0
0.0
4.0
101.0
0.0
0.0
3.0
0.0
11.0
3.0
0.0
0.0
0.0
36.0
0.0
0.0
0.0
0.0
0.0
0.0
0.0
1.0
0.0
4.0
57.0
316.0
0.0
0.0
0.0
0.0
0.0
0.0
0.0
0.0
0.0
0.0
0.0
0.0
3.0
0.0
0.0
0.0
7.0
49.0
0.0
55.0
0.0
0.0
1.0
0.0
0.0
0.0
0.0
0.0
40.0
0.0
0.0
0.0
0.0
0.0
0.0
0.0
57.0
0.0
8.0
5.0
0.0
0.0
0.0
0.0
0.0
0.0
0.0
0.0
0.0
0.0
0.0
0.0
0.0
0.0
0.0
0.0
0.0
1.0
49.0
0.0
4.0
0.0
0.0
0.0
0.0
0.0
0.0
26.0
60.0
0.0
53.0
0.0
64.0
55.0
0.0
4.0
0.0
0.0
4.0
0.0
0.0
0.0
0.0
2.0
0.0
0.0
0.0
2.0
0.0
1.0
0.0
0.0
0.0
0.0
0.0
4.0
0.0
0.0
0.0
0.0
0.0
0.0
0.0
0.0
0.0
0.0
0.0
0.0
1.0
53.0
0.0
0.0
0.0
307.0
0.0
0.0
42.0
0.0
0.0
0.0
56.0
44.0
42.0
0.0
53.0
0.0
1.0
1.0
0.0
1.0
5.0
17.0
0.0
1.0
0.0
0.0
12.0
56.0
0.0
42.0
0.0
5.0
0.0
0.0
0.0
0.0
0.0
49.0
55.0
0.0
0.0
153.0
0.0
0.0
0.0
0.0
1.0
0.0
0.0
0.0
5.0
50.0
0.0
0.0
0.0
0.0
0.0
0.0
0.0
985.0
0.0
47.0
1.0
0.0
0.0
0.0
0.0
0.0
0.0
0.0
3.0
0.0
0.0
0.0
0.0
0.0
0.0
0.0
0.0
4.0
4.0
3.0
0.0
0.0
0.0
0.0
0.0
0.0
1.0
1.0
0.0
0.0
0.0
39.0
0.0
0.0
2.0
0.0
0.0
0.0
0.0
0.0
0.0
41.0
0.0
0.0
1.0
3.0
0.0
0.0
38.0
0.0
47.0
0.0
0.0
49.0
0.0
0.0
0.0
1.0
0.0
47.0
0.0
0.0
48.0
0.0
49.0
0.0
0.0
0.0
0.0
0.0
0.0
0.0
0.0
0.0
0.0
0.0
0.0
0.0
0.0
0.0
8.0
1.0
0.0
53.0
2.0
0.0
0.0
50.0
39.0
0.0
3.0
0.0
1.0
0.0
0.0
1.0
0.0
0.0
0.0
0.0
0.0
49.0
0.0
0.0
0.0
93.0
0.0
0.0
41.0
0.0
0.0
0.0
0.0
0.0
0.0
56.0
0.0
0.0
0.0
52.0
0.0
52.0
0.0
4.0
0.0
0.0
0.0
0.0
0.0
0.0
0.0
0.0
0.0
1.0
0.0
0.0
0.0
0.0
0.0
1000.0
0.0
0.0
0.0
0.0
0.0
0.0
133.0
0.0
0.0
48.0
0.0
0.0
0.0
76.0
0.0
0.0
55.0
0.0
2.0
0.0
0.0
0.0
0.0
0.0
0.0
54.0
0.0
0.0
0.0
50.0
0.0
0.0
0.0
0.0
15.0
1.0
0.0
0.0
0.0
67.0
5.0
5.0
0.0
5.0
0.0
0.0
0.0
0.0
0.0
0.0
50.0
0.0
0.0
0.0
0.0
0.0
14.0
0.0
0.0
0.0
0.0
0.0
0.0
0.0
0.0
0.0
40.0
0.0
0.0
0.0
0.0
0.0
0.0
0.0
0.0
0.0
0.0
0.0
0.0
3.0
1.0
4.0
0.0
49.0
0.0
84.0
3.0
0.0
0.0
0.0
0.0
4.0
0.0
53.0
0.0
0.0
0.0
0.0
0.0
0.0
4.0
0.0
0.0
0.0
0.0
0.0
0.0
1.0
0.0
0.0
0.0
0.0
0.0
0.0
0.0
0.0
0.0
0.0
0.0
0.0
0.0
859.0
9.0
0.0
0.0
0.0
0.0
0.0
48.0
4.0
0.0
0.0
0.0
333.0
0.0
0.0
0.0
0.0
10.0
0.0
0.0
40.0
0.0
52.0
0.0
43.0
0.0
0.0
0.0
0.0
0.0
0.0
0.0
0.0
316.0
0.0
0.0
62.0
1.0
0.0
0.0
0.0
0.0
1.0
0.0
2.0
0.0
0.0
0.0
1.0
0.0
0.0
12.0
47.0
0.0
60.0
0.0
0.0
0.0
0.0
39.0
0.0
68.0
53.0
41.0
0.0
63.0
0.0
0.0
0.0
0.0
0.0
0.0
0.0
0.0
0.0
0.0
1.0
0.0
42.0
0.0
0.0
0.0
5.0
0.0
0.0
0.0
49.0
0.0
0.0
0.0
0.0
43.0
280.0
87.0
0.0
0.0
10.0
50.0
0.0
0.0
0.0
0.0
45.0
0.0
2.0
89.0
0.0
0.0
1000.0
0.0
4.0
0.0
1.0
0.0
5.0
0.0
2.0
0.0
52.0
0.0
0.0
6.0
0.0
0.0
0.0
0.0
0.0
5.0
0.0
42.0
0.0
0.0
0.0
0.0
0.0
983.0
0.0
0.0
0.0
0.0
0.0
0.0
0.0
0.0
0.0
9.0
0.0
52.0
2.0
0.0
1.0
0.0
0.0
3.0
0.0
0.0
0.0
0.0
0.0
0.0
1.0
0.0
0.0
2.0
1.0
0.0
0.0
2.0
0.0
4.0
0.0
52.0
0.0
0.0
0.0
0.0
0.0
0.0
0.0
0.0
0.0
980.0
0.0
0.0
53.0
11.0
43.0
20.0
0.0
0.0
2.0
28.0
0.0
0.0
0.0
0.0
0.0
0.0
0.0
0.0
23.0
0.0
2.0
1.0
0.0
53.0
0.0
44.0
0.0
0.0
51.0
0.0
0.0
0.0
0.0
0.0
0.0
0.0
0.0
60.0
0.0
0.0
0.0
0.0
44.0
692.0
0.0
0.0
0.0
0.0
0.0
0.0
0.0
41.0
0.0
0.0
0.0
0.0
0.0
0.0
0.0
0.0
52.0
1.0
1.0
1.0
0.0
33.0
0.0
5.0
0.0
0.0
0.0
0.0
0.0
0.0
0.0
0.0
0.0
0.0
50.0
0.0
2.0
437.0
0.0
7.0
0.0
0.0
0.0
50.0
0.0
0.0
2.0
0.0
0.0
10.0
53.0
39.0
1.0
0.0
0.0
1.0
0.0
5.0
0.0
49.0
1.0
38.0
49.0
46.0
974.0
1000.0
48.0
0.0
0.0
49.0
0.0
5.0
442.0
47.0
0.0
52.0
0.0
0.0
0.0
0.0
0.0
1.0
4.0
54.0
0.0
55.0
3.0
0.0
0.0
7.0
0.0
44.0
0.0
0.0
4.0
1000.0
54.0
0.0
3.0
0.0
0.0
0.0
0.0
0.0
0.0
0.0
0.0
0.0
0.0
0.0
1.0
45.0
986.0
42.0
0.0
50.0
72.0
0.0
45.0
0.0
0.0
0.0
0.0
47.0
88.0
0.0
0.0
2.0
0.0
48.0
0.0
8.0
0.0
0.0
48.0
0.0
1.0
0.0
0.0
1.0
0.0
0.0
0.0
49.0
0.0
0.0
0.0
7.0
1.0
59.0
0.0
56.0
271.0
1000.0
0.0
0.0
318.0
0.0
0.0
0.0
3.0
0.0
0.0
0.0
0.0
48.0
0.0
0.0
1.0
0.0
0.0
0.0
1.0
42.0
3.0
0.0
44.0
0.0
55.0
0.0
0.0
1.0
0.0
0.0
645.0
0.0
3.0
1.0
0.0
0.0
0.0
5.0
2.0
0.0
3.0
44.0
0.0
56.0
301.0
0.0
235.0
0.0
0.0
63.0
54.0
1.0
1.0
0.0
0.0
0.0
10.0
0.0
0.0
39.0
58.0
0.0
0.0
45.0
0.0
0.0
0.0
0.0
0.0
50.0
53.0
0.0
0.0
0.0
45.0
0.0
0.0
0.0
0.0
52.0
0.0
10.0
0.0
55.0
0.0
0.0
1000.0
48.0
4.0
33.0
0.0
22.0
0.0
1.0
521.0
44.0
15.0
0.0
47.0
0.0
0.0
0.0
1.0
0.0
49.0
0.0
0.0
0.0
45.0
0.0
0.0
49.0
7.0
1.0
0.0
0.0
0.0
0.0
6.0
0.0
1.0
39.0
62.0
0.0
11.0
0.0
0.0
0.0
1.0
0.0
0.0
0.0
0.0
53.0
0.0
0.0
0.0
6.0
0.0
44.0
0.0
0.0
49.0
0.0
0.0
50.0
4.0
0.0
0.0
0.0
0.0
0.0
0.0
0.0
6.0
0.0
0.0
0.0
9.0
46.0
56.0
0.0
156.0
5.0
0.0
0.0
0.0
0.0
58.0
46.0
341.0
0.0
0.0
0.0
0.0
58.0
0.0
0.0
9.0
1.0
4.0
0.0
0.0
2.0
1.0
0.0
51.0
41.0
0.0
0.0
0.0
0.0
0.0
0.0
51.0
1.0
0.0
48.0
0.0
11.0
0.0
51.0
0.0
0.0
2.0
46.0
0.0
0.0
0.0
64.0
0.0
0.0
58.0
3.0
0.0
0.0
43.0
42.0
0.0
0.0
0.0
48.0
1.0
53.0
0.0
0.0
1.0
341.0
4.0
52.0
56.0
44.0
0.0
49.0
44.0
0.0
0.0
0.0
0.0
0.0
0.0
0.0
11.0
0.0
0.0
1.0
167.0
0.0
0.0
0.0
0.0
64.0
0.0
0.0
1.0
0.0
14.0
0.0
0.0
0.0
0.0
40.0
44.0
0.0
23.0
37.0
0.0
1.0
0.0
0.0
40.0
0.0
51.0
48.0
0.0
0.0
0.0
61.0
48.0
46.0
49.0
0.0
140.0
1.0
0.0
37.0
0.0
5.0
42.0
1.0
51.0
0.0
42.0
1.0
0.0
0.0
50.0
64.0
1000.0
3.0
50.0
22.0
6.0
0.0
0.0
5.0
0.0
48.0
0.0
0.0
0.0
0.0
8.0
5.0
74.0
0.0
2.0
0.0
2.0
2.0
1.0
57.0
8.0
49.0
4.0
54.0
47.0
0.0
52.0
0.0
0.0
43.0
51.0
0.0
56.0
11.0
0.0
176.0
2.0
0.0
532.0
0.0
0.0
0.0
0.0
0.0
38.0
32.0
117.0
1.0
2.0
0.0
50.0
16.0
1.0
52.0
53.0
94.0
41.0
0.0
0.0
55.0
45.0
0.0
0.0
0.0
0.0
43.0
16.0
0.0
151.0
4.0
0.0
0.0
1.0
47.0
43.0
54.0
59.0
55.0
49.0
57.0
49.0
37.0
39.0
44.0
2.0
44.0
46.0
40.0
64.0
58.0
50.0
50.0
4.0
47.0
49.0
45.0
49.0
50.0
53.0
56.0
48.0
56.0
1000.0
976.0
1000.0
0.0
1000.0
1000.0
1000.0
959.0
1000.0
1000.0
1000.0
1000.0
996.0
998.0
1000.0
1000.0
1000.0
997.0
1000.0
991.0
961.0
1000.0
1000.0
1000.0
1000.0
1000.0
996.0
1000.0
993.0
1000.0
1000.0
998.0
995.0
810.0
1000.0
0.0
1000.0
1000.0
991.0
772.0
1000.0
1000.0
778.0
0.0
1000.0
994.0
1000.0
144.0
1000.0
990.0
995.0
1000.0
990.0
1000.0
989.0
6.0
803.0
983.0
1000.0
1000.0
1000.0
796.0
1000.0
993.0
1000.0
1000.0
990.0
1000.0
999.0
1000.0
1000.0
802.0
997.0
1000.0
1000.0
774.0
1000.0
1000.0
988.0
1000.0
1000.0
1000.0
989.0
974.0
1000.0
773.0
1000.0
1000.0
797.0
995.0
986.0
997.0
991.0
1000.0
1000.0
1000.0
1000.0
992.0
132.0
1000.0
240.0
1000.0
1000.0
1000.0
1000.0
1000.0
997.0
789.0
979.0
0.0
1000.0
1000.0
1000.0
1000.0
927.0
1000.0
1000.0
1000.0
0.0
1000.0
990.0
1000.0
971.0
1000.0
0.0
813.0
1000.0
1000.0
998.0
1000.0
769.0
1000.0
991.0
997.0
1000.0
0.0
1000.0
1000.0
995.0
996.0
969.0
777.0
1000.0
1000.0
1000.0
1000.0
1000.0
996.0
990.0
1000.0
0.0
1000.0
44.0
775.0
891.0
1000.0
1000.0
996.0
1000.0
999.0
1000.0
1000.0
1000.0
1000.0
993.0
985.0
290.0
1000.0
1000.0
998.0
992.0
790.0
992.0
1000.0
1000.0
993.0
992.0
126.0
1000.0
1000.0
1000.0
1000.0
994.0
1000.0
35.0
1000.0
1000.0
994.0
1000.0
1000.0
1000.0
425.0
1000.0
1000.0
1000.0
792.0
1000.0
1000.0
1000.0
1000.0
975.0
993.0
1000.0
788.0
0.0
812.0
1000.0
997.0
1000.0
1000.0
1000.0
1000.0
1000.0
1000.0
994.0
1000.0
1000.0
999.0
994.0
780.0
999.0
1000.0
1000.0
1000.0
0.0
1000.0
966.0
1000.0
1000.0
1000.0
1000.0
994.0
811.0
1000.0
991.0
1000.0
1000.0
810.0
1000.0
1000.0
999.0
1000.0
1000.0
998.0
1000.0
1000.0
1000.0
1000.0
998.0
996.0
999.0
1000.0
993.0
1000.0
1000.0
1000.0
1000.0
1000.0
960.0
1000.0
789.0
1000.0
1000.0
1000.0
0.0
1000.0
1000.0
1000.0
991.0
1000.0
1000.0
1000.0
1000.0
1000.0
1000.0
1000.0
994.0
1000.0
913.0
1000.0
661.0
1000.0
1000.0
1000.0
1000.0
1000.0
1000.0
818.0
1000.0
1000.0
993.0
1000.0
1000.0
0.0
1000.0
73.0
1000.0
1000.0
1000.0
974.0
1000.0
1000.0
792.0
999.0
999.0
1000.0
993.0
1000.0
787.0
1000.0
990.0
1000.0
995.0
1000.0
1000.0
1000.0
1000.0
965.0
973.0
1000.0
1000.0
1000.0
1000.0
1000.0
0.0
981.0
1000.0
650.0
999.0
1000.0
1000.0
996.0
1000.0
774.0
1000.0
1000.0
1000.0
790.0
992.0
1000.0
996.0
1000.0
1000.0
1000.0
1000.0
996.0
1000.0
1000.0
1000.0
995.0
999.0
0.0
1000.0
994.0
1000.0
1000.0
1000.0
1000.0
512.0
1000.0
1000.0
967.0
994.0
986.0
802.0
1000.0
1000.0
861.0
1000.0
995.0
999.0
1000.0
1000.0
1000.0
997.0
989.0
1000.0
792.0
1000.0
272.0
1000.0
713.0
990.0
798.0
1000.0
1000.0
1000.0
1000.0
1000.0
993.0
946.0
1000.0
1000.0
945.0
1000.0
1000.0
999.0
1000.0
52.0
0.0
1000.0
999.0
1000.0
1000.0
1000.0
1000.0
784.0
992.0
998.0
1000.0
997.0
1000.0
784.0
1000.0
1000.0
1000.0
1000.0
779.0
999.0
1000.0
93.0
691.0
1000.0
1000.0
1000.0
1000.0
788.0
1000.0
0.0
999.0
0.0
1000.0
1000.0
1000.0
1000.0
1000.0
168.0
210.0
1000.0
1000.0
1000.0
1000.0
1000.0
997.0
782.0
1000.0
711.0
1000.0
1000.0
992.0
986.0
774.0
1000.0
994.0
1000.0
999.0
1000.0
784.0
1000.0
1000.0
992.0
1000.0
1000.0
978.0
998.0
1000.0
814.0
1000.0
999.0
787.0
1000.0
1000.0
1000.0
996.0
999.0
0.0
999.0
1000.0
794.0
1000.0
998.0
1000.0
1000.0
998.0
975.0
1000.0
1000.0
1000.0
999.0
13.0
987.0
973.0
1000.0
999.0
794.0
1000.0
1000.0
1000.0
808.0
1000.0
1000.0
1000.0
959.0
1000.0
1000.0
982.0
966.0
1000.0
996.0
1000.0
541.0
996.0
960.0
1000.0
995.0
1000.0
1000.0
1000.0
1000.0
1000.0
982.0
998.0
1000.0
1000.0
970.0
798.0
1000.0
981.0
996.0
1000.0
0.0
1000.0
991.0
1000.0
711.0
1000.0
999.0
1000.0
1000.0
1000.0
999.0
1000.0
829.0
1000.0
1000.0
989.0
991.0
1000.0
996.0
1000.0
787.0
793.0
975.0
1000.0
1000.0
1000.0
988.0
1000.0
1000.0
1000.0
806.0
1000.0
1000.0
998.0
96.0
1000.0
1000.0
1000.0
966.0
994.0
1000.0
997.0
1000.0
214.0
1000.0
1000.0
1000.0
790.0
1000.0
1000.0
1000.0
1000.0
1000.0
968.0
690.0
1000.0
1000.0
764.0
1000.0
975.0
938.0
1000.0
994.0
991.0
1000.0
1000.0
972.0
990.0
772.0
1000.0
998.0
1000.0
799.0
1000.0
1000.0
967.0
0.0
980.0
1000.0
998.0
1000.0
793.0
33.0
1000.0
980.0
997.0
995.0
995.0
987.0
0.0
0.0
78.0
1000.0
1000.0
1000.0
1000.0
776.0
1000.0
1000.0
1000.0
1000.0
1000.0
782.0
1000.0
767.0
995.0
1000.0
991.0
998.0
1000.0
1000.0
807.0
1000.0
996.0
1000.0
1000.0
780.0
1000.0
1000.0
1000.0
997.0
1000.0
993.0
1000.0
1000.0
0.0
762.0
1000.0
1000.0
998.0
1000.0
1000.0
1000.0
1000.0
983.0
1000.0
1000.0
1000.0
996.0
785.0
1000.0
981.0
1000.0
1000.0
70.0
1000.0
973.0
1000.0
1000.0
0.0
825.0
1000.0
999.0
1000.0
1000.0
806.0
1000.0
1000.0
1000.0
1000.0
976.0
1000.0
1000.0
127.0
1000.0
1000.0
968.0
1000.0
38.0
802.0
996.0
1000.0
994.0
82.0
1000.0
1000.0
822.0
999.0
995.0
976.0
1000.0
1000.0
1000.0
1000.0
1000.0
994.0
1000.0
1000.0
988.0
996.0
199.0
1000.0
992.0
695.0
997.0
1000.0
1000.0
1000.0
1000.0
996.0
1000.0
1000.0
802.0
1000.0
790.0
1000.0
995.0
973.0
994.0
999.0
781.0
980.0
1000.0
1000.0
1000.0
1000.0
994.0
784.0
987.0
1000.0
993.0
1000.0
1000.0
1000.0
0.0
1000.0
996.0
1000.0
1000.0
805.0
799.0
1000.0
992.0
798.0
1000.0
995.0
1000.0
1000.0
1000.0
1000.0
974.0
1000.0
787.0
21.0
1000.0
179.0
970.0
1000.0
1000.0
1000.0
1000.0
996.0
1000.0
794.0
1000.0
994.0
997.0
1000.0
896.0
0.0
1000.0
1000.0
1000.0
1000.0
1000.0
999.0
1000.0
377.0
721.0
998.0
1000.0
1000.0
1000.0
988.0
732.0
1000.0
1000.0
1000.0
785.0
1000.0
992.0
821.0
1000.0
1000.0
0.0
1.0
1000.0
782.0
993.0
0.0
1000.0
804.0
972.0
1000.0
799.0
1000.0
1000.0
1000.0
823.0
9.0
998.0
1000.0
987.0
791.0
1000.0
975.0
991.0
1000.0
1000.0
1000.0
0.0
1000.0
975.0
997.0
1000.0
989.0
986.0
995.0
533.0
996.0
750.0
998.0
1000.0
1000.0
1000.0
1000.0
1000.0
1000.0
284.0
1000.0
1000.0
0.0
1000.0
676.0
1000.0
1000.0
997.0
1000.0
991.0
1000.0
1000.0
994.0
760.0
1000.0
1000.0
799.0
1000.0
1000.0
998.0
1000.0
1000.0
1000.0
997.0
999.0
1000.0
1000.0
992.0
1000.0
1000.0
1000.0
991.0
1000.0
1000.0
977.0
1000.0
1000.0
1000.0
1000.0
1000.0
997.0
1000.0
1000.0
1000.0
996.0
1000.0
991.0
986.0
1000.0
1000.0
949.0
0.0
1000.0
1000.0
800.0
1000.0
0.0
1000.0
584.0
782.0
664.0
1000.0
1000.0
1000.0
0.0
1000.0
1000.0
1000.0
1000.0
977.0
1000.0
760.0
999.0
1000.0
1000.0
1000.0
1000.0
1000.0
1000.0
990.0
1000.0
1000.0
1000.0
995.0
1000.0
1000.0
992.0
996.0
1000.0
1000.0
1000.0
1000.0
995.0
1000.0
1000.0
1000.0
1000.0
1000.0
1000.0
1000.0
1000.0
1000.0
992.0
967.0
1000.0
1000.0
1000.0
768.0
920.0
1000.0
1000.0
1000.0
1000.0
1000.0
1000.0
787.0
817.0
1000.0
1000.0
1000.0
780.0
1000.0
1000.0
999.0
905.0
1000.0
1000.0
1000.0
0.0
1000.0
1000.0
1000.0
995.0
961.0
0.0
1000.0
994.0
999.0
1000.0
991.0
1000.0
1000.0
1000.0
1000.0
821.0
995.0
0.0
997.0
1000.0
1000.0
993.0
1000.0
980.0
802.0
1000.0
0.0
1000.0
1000.0
783.0
969.0
966.0
1000.0
988.0
1000.0
1000.0
0.0
1000.0
795.0
792.0
1000.0
166.0
1000.0
981.0
569.0
991.0
1000.0
0.0
1000.0
807.0
972.0
1000.0
811.0
1000.0
1000.0
1000.0
970.0
1000.0
998.0
1000.0
1000.0
990.0
1000.0
1000.0
999.0
1000.0
1000.0
1000.0
1000.0
1000.0
971.0
1000.0
1000.0
1000.0
1000.0
1000.0
1000.0
1000.0
991.0
999.0
1000.0
994.0
1000.0
797.0
1000.0
1000.0
1000.0
782.0
1000.0
1000.0
979.0
1000.0
1000.0
1000.0
1000.0
1000.0
1000.0
1000.0
996.0
1000.0
946.0
1000.0
1000.0
1000.0
1000.0
1000.0
1000.0
289.0
1000.0
1000.0
999.0
7.0
1000.0
996.0
1000.0
1000.0
1000.0
906.0
1000.0
40.0
1000.0
1000.0
987.0
1000.0
1000.0
1000.0
997.0
789.0
816.0
771.0
974.0
993.0
275.0
1000.0
1000.0
1000.0
1000.0
1000.0
1000.0
980.0
1000.0
1000.0
0.0
1000.0
1000.0
982.0
992.0
0.0
1000.0
1000.0
991.0
0.0
998.0
997.0
995.0
794.0
997.0
1000.0
963.0
1000.0
0.0
1000.0
957.0
1000.0
1000.0
1000.0
1000.0
996.0
1000.0
1000.0
1000.0
1000.0
1000.0
994.0
999.0
1000.0
999.0
1000.0
1000.0
1000.0
0.0
1000.0
998.0
1000.0
920.0
1000.0
785.0
11.0
997.0
1000.0
1000.0
1000.0
788.0
1000.0
1000.0
1000.0
1000.0
1000.0
994.0
1000.0
1000.0
988.0
1000.0
1000.0
1000.0
1000.0
1000.0
1000.0
178.0
1000.0
1000.0
16.0
784.0
815.0
994.0
1000.0
999.0
0.0
1000.0
792.0
13.0
1000.0
1000.0
1000.0
799.0
1000.0
577.0
723.0
990.0
1000.0
1000.0
0.0
978.0
789.0
1000.0
1000.0
1000.0
1000.0
990.0
1000.0
993.0
996.0
1000.0
1000.0
999.0
1000.0
996.0
1000.0
998.0
983.0
991.0
1000.0
1000.0
977.0
289.0
1000.0
1000.0
1000.0
998.0
1000.0
1000.0
1000.0
1000.0
1000.0
0.0
795.0
996.0
1000.0
179.0
1000.0
990.0
799.0
794.0
1000.0
1000.0
976.0
819.0
1000.0
1000.0
1000.0
1000.0
1000.0
980.0
750.0
1000.0
994.0
1000.0
773.0
1000.0
1000.0
998.0
1000.0
1000.0
766.0
1000.0
998.0
1000.0
1000.0
983.0
1000.0
994.0
1000.0
1000.0
994.0
1000.0
1000.0
1000.0
1000.0
783.0
1000.0
1000.0
0.0
1000.0
1000.0
3.0
19.0
1000.0
895.0
1000.0
1000.0
1000.0
781.0
1000.0
0.0
680.0
1000.0
968.0
998.0
995.0
1000.0
999.0
999.0
1000.0
997.0
1000.0
1000.0
1000.0
1000.0
984.0
1000.0
1000.0
1000.0
1000.0
1000.0
1000.0
1000.0
806.0
0.0
996.0
996.0
1000.0
1000.0
1000.0
1000.0
0.0
979.0
993.0
1000.0
812.0
1000.0
1000.0
1000.0
1000.0
1000.0
685.0
1000.0
1000.0
1000.0
994.0
997.0
1000.0
1000.0
983.0
997.0
1000.0
1000.0
775.0
999.0
1000.0
945.0
795.0
998.0
0.0
27.0
1000.0
0.0
1000.0
0.0
1000.0
1000.0
774.0
994.0
1000.0
1000.0
1000.0
1000.0
1000.0
1000.0
998.0
1000.0
793.0
195.0
1000.0
998.0
1000.0
975.0
1000.0
1000.0
169.0
1000.0
790.0
748.0
1000.0
1000.0
1000.0
1000.0
1000.0
996.0
1000.0
1000.0
672.0
899.0
1000.0
996.0
1000.0
786.0
996.0
1000.0
808.0
0.0
985.0
1000.0
809.0
785.0
1000.0
1000.0
1000.0
994.0
993.0
1000.0
1000.0
789.0
789.0
1000.0
1000.0
970.0
1000.0
1000.0
814.0
1000.0
1000.0
1000.0
60.0
476.0
1000.0
995.0
980.0
1000.0
992.0
1000.0
794.0
1000.0
1000.0
0.0
995.0
1000.0
1000.0
1000.0
1000.0
452.0
970.0
1000.0
1000.0
1000.0
1000.0
1000.0
1000.0
948.0
1000.0
998.0
1000.0
1000.0
798.0
1000.0
1000.0
1000.0
1000.0
0.0
1000.0
1000.0
1000.0
16.0
1000.0
1000.0
1000.0
1000.0
1000.0
812.0
998.0
1000.0
1000.0
1000.0
776.0
870.0
695.0
802.0
1000.0
1000.0
0.0
1000.0
1000.0
1000.0
996.0
0.0
1000.0
1000.0
0.0
1000.0
1000.0
1000.0
993.0
513.0
993.0
792.0
1000.0
1000.0
1000.0
1000.0
1000.0
1000.0
1000.0
668.0
1000.0
683.0
1000.0
1000.0
1000.0
1000.0
1000.0
957.0
0.0
0.0
1000.0
912.0
1000.0
542.0
1000.0
988.0
974.0
1000.0
1000.0
1000.0
792.0
694.0
0.0
1000.0
1000.0
0.0
0.0
1000.0
1000.0
803.0
122.0
1000.0
1000.0
998.0
993.0
1000.0
1000.0
1000.0
1000.0
0.0
965.0
791.0
999.0
1000.0
1000.0
1000.0
775.0
792.0
1000.0
1000.0
1000.0
1000.0
994.0
771.0
987.0
1000.0
1000.0
1000.0
975.0
1000.0
1000.0
1000.0
1000.0
1000.0
806.0
1000.0
811.0
1000.0
972.0
799.0
996.0
1.0
997.0
1000.0
1000.0
1000.0
802.0
1000.0
1000.0
1000.0
1000.0
984.0
1000.0
1000.0
1000.0
1000.0
999.0
1000.0
1000.0
1000.0
990.0
1000.0
1000.0
1000.0
1000.0
1000.0
1000.0
1000.0
1000.0
944.0
1000.0
1000.0
953.0
1000.0
979.0
1000.0
7.0
806.0
803.0
1000.0
1000.0
999.0
1000.0
996.0
1000.0
1000.0
1000.0
0.0
1000.0
1000.0
1000.0
1000.0
948.0
1000.0
1000.0
1.0
0.0
1000.0
978.0
992.0
1000.0
1000.0
1000.0
968.0
1000.0
1000.0
1000.0
1000.0
1000.0
1000.0
979.0
993.0
1000.0
1000.0
1000.0
1000.0
795.0
1000.0
1000.0
1000.0
996.0
994.0
1000.0
1000.0
1000.0
983.0
973.0
1000.0
962.0
1000.0
687.0
1000.0
1000.0
975.0
999.0
994.0
999.0
792.0
1000.0
1000.0
1000.0
1000.0
1000.0
1000.0
1000.0
1000.0
1000.0
1000.0
1000.0
1000.0
2.0
978.0
1000.0
1000.0
1000.0
1000.0
1000.0
1000.0
992.0
1000.0
1000.0
1000.0
1000.0
755.0
985.0
1000.0
1000.0
1000.0
1000.0
994.0
1000.0
963.0
987.0
1000.0
1000.0
786.0
1000.0
1000.0
0.0
996.0
1000.0
995.0
1000.0
1000.0
1000.0
1000.0
998.0
1000.0
1000.0
1000.0
796.0
702.0
1000.0
1000.0
805.0
1000.0
1000.0
994.0
998.0
1000.0
987.0
1000.0
1000.0
1000.0
1000.0
1000.0
1000.0
978.0
1000.0
1000.0
883.0
681.0
965.0
996.0
1000.0
1000.0
1000.0
999.0
800.0
996.0
1000.0
972.0
81.0
1000.0
1000.0
993.0
1000.0
1000.0
570.0
988.0
1000.0
1000.0
1000.0
1000.0
1000.0
1000.0
1000.0
1000.0
1000.0
1000.0
1000.0
1000.0
1000.0
795.0
1000.0
1000.0
0.0
1000.0
0.0
1000.0
772.0
1000.0
994.0
992.0
995.0
1000.0
1000.0
998.0
1000.0
989.0
795.0
1000.0
993.0
1000.0
1000.0
786.0
991.0
792.0
1000.0
1000.0
191.0
1000.0
993.0
785.0
1000.0
994.0
1000.0
1000.0
1000.0
0.0
1000.0
992.0
1000.0
0.0
1000.0
1000.0
891.0
1000.0
797.0
0.0
0.0
1000.0
1000.0
1000.0
0.0
808.0
1000.0
1000.0
1000.0
747.0
1000.0
1000.0
1000.0
0.0
739.0
1000.0
996.0
796.0
1000.0
1000.0
724.0
776.0
788.0
750.0
0.0
1000.0
1000.0
1000.0
999.0
1000.0
1000.0
56.0
1000.0
989.0
1000.0
989.0
798.0
999.0
972.0
23.0
1000.0
993.0
950.0
1000.0
0.0
1000.0
995.0
992.0
1000.0
0.0
993.0
1000.0
1000.0
1000.0
1000.0
1000.0
1000.0
1000.0
1000.0
1000.0
0.0
1000.0
996.0
1000.0
977.0
787.0
992.0
999.0
993.0
989.0
1000.0
1000.0
978.0
1000.0
1000.0
1000.0
795.0
1000.0
999.0
1000.0
979.0
999.0
1000.0
990.0
785.0
1000.0
1000.0
1000.0
1000.0
1000.0
815.0
1000.0
478.0
1000.0
1000.0
799.0
15.0
1000.0
1000.0
1.0
1000.0
993.0
993.0
1000.0
1000.0
1000.0
997.0
1000.0
1000.0
0.0
1000.0
1000.0
1000.0
805.0
981.0
997.0
1000.0
998.0
1000.0
1000.0
1000.0
1000.0
1000.0
784.0
1000.0
710.0
1000.0
0.0
0.0
992.0
1000.0
1000.0
1000.0
1000.0
1000.0
1000.0
1000.0
1000.0
1000.0
1000.0
773.0
1000.0
999.0
1000.0
1000.0
1000.0
768.0
816.0
1000.0
1000.0
998.0
1000.0
1000.0
1000.0
1000.0
996.0
1000.0
994.0
1000.0
1000.0
1000.0
1000.0
995.0
0.0
995.0
997.0
973.0
1000.0
0.0
1000.0
1000.0
1000.0
1000.0
1000.0
1000.0
777.0
1000.0
995.0
780.0
974.0
1000.0
1000.0
1000.0
981.0
1000.0
1000.0
1000.0
84.0
994.0
1000.0
800.0
1000.0
969.0
1000.0
761.0
1000.0
998.0
1000.0
1000.0
1000.0
1000.0
0.0
1000.0
1000.0
1000.0
1000.0
807.0
1000.0
965.0
1000.0
1000.0
1000.0
768.0
880.0
953.0
1000.0
1000.0
992.0
1000.0
999.0
0.0
1000.0
991.0
1000.0
1000.0
1000.0
1000.0
1000.0
994.0
999.0
0.0
1000.0
1000.0
1000.0
0.0
1000.0
768.0
1000.0
1000.0
1000.0
977.0
793.0
0.0
1000.0
1000.0
1000.0
204.0
545.0
1000.0
1000.0
1000.0
999.0
787.0
1000.0
1000.0
1000.0
1000.0
1000.0
1000.0
1000.0
1000.0
4.0
1000.0
1000.0
987.0
1000.0
1000.0
0.0
1000.0
1000.0
1000.0
1000.0
968.0
994.0
997.0
0.0
992.0
999.0
999.0
992.0
1000.0
1000.0
819.0
995.0
1000.0
1000.0
993.0
1000.0
995.0
1000.0
1000.0
1000.0
1000.0
1000.0
803.0
1000.0
997.0
1000.0
998.0
1000.0
786.0
1000.0
1000.0
1000.0
454.0
1000.0
1000.0
1000.0
1000.0
1000.0
973.0
1000.0
1000.0
1000.0
1000.0
1000.0
1000.0
995.0
1000.0
0.0
999.0
969.0
737.0
1000.0
979.0
991.0
1000.0
995.0
995.0
1000.0
1000.0
971.0
1000.0
1000.0
968.0
1000.0
1000.0
998.0
978.0
736.0
996.0
1000.0
804.0
259.0
999.0
1000.0
1000.0
1000.0
1000.0
1000.0
1000.0
1000.0
1000.0
1000.0
1000.0
1000.0
362.0
1000.0
0.0
1000.0
1000.0
0.0
1000.0
1000.0
1000.0
786.0
1000.0
1000.0
1000.0
1000.0
1000.0
1000.0
789.0
1000.0
1000.0
1000.0
1000.0
1000.0
1000.0
1000.0
1000.0
976.0
1000.0
1000.0
1000.0
826.0
1000.0
1000.0
1000.0
1000.0
993.0
998.0
806.0
1000.0
1000.0
1000.0
999.0
1000.0
1000.0
1000.0
1000.0
1000.0
788.0
804.0
1000.0
789.0
1000.0
0.0
793.0
1000.0
1000.0
809.0
1000.0
789.0
1000.0
993.0
0.0
1000.0
1000.0
989.0
992.0
1000.0
782.0
13.0
791.0
1000.0
1000.0
1000.0
1000.0
974.0
1000.0
789.0
1000.0
969.0
1000.0
1000.0
1000.0
997.0
994.0
1000.0
1000.0
991.0
1000.0
668.0
998.0
996.0
1000.0
796.0
1000.0
1000.0
1000.0
1000.0
1000.0
1000.0
774.0
4.0
1000.0
923.0
802.0
990.0
1000.0
1000.0
782.0
1000.0
1000.0
1000.0
1000.0
998.0
1000.0
992.0
1000.0
1000.0
0.0
991.0
827.0
0.0
1000.0
1000.0
1000.0
1000.0
0.0
988.0
791.0
1000.0
1000.0
958.0
1000.0
995.0
1000.0
1000.0
993.0
983.0
958.0
1000.0
801.0
0.0
1000.0
989.0
1000.0
999.0
995.0
1000.0
1000.0
771.0
1000.0
720.0
1000.0
0.0
0.0
992.0
1000.0
0.0
999.0
1000.0
1000.0
1000.0
1000.0
1000.0
790.0
997.0
999.0
999.0
816.0
992.0
999.0
1000.0
999.0
1000.0
1000.0
1000.0
1000.0
1000.0
995.0
794.0
1000.0
1000.0
1000.0
1000.0
1000.0
1000.0
978.0
1000.0
1000.0
1000.0
0.0
1000.0
766.0
1000.0
1000.0
1000.0
1000.0
1000.0
1000.0
806.0
1000.0
1000.0
1000.0
1000.0
800.0
1000.0
1000.0
1000.0
1000.0
1000.0
998.0
1000.0
1000.0
998.0
728.0
1000.0
1000.0
1000.0
1000.0
1000.0
687.0
1000.0
1000.0
1000.0
601.0
800.0
1000.0
1000.0
1000.0
1000.0
1000.0
1000.0
972.0
1000.0
1000.0
1000.0
1000.0
994.0
1000.0
1000.0
1000.0
5.0
1000.0
1000.0
1000.0
1000.0
997.0
1000.0
1000.0
1000.0
1000.0
1000.0
990.0
1000.0
1000.0
1000.0
976.0
993.0
972.0
1000.0
998.0
999.0
996.0
1000.0
0.0
1000.0
115.0
1000.0
1000.0
1000.0
1000.0
814.0
963.0
1000.0
1000.0
997.0
994.0
772.0
1000.0
1000.0
1000.0
1000.0
1000.0
1000.0
1000.0
0.0
1000.0
0.0
1000.0
1000.0
0.0
2.0
1000.0
1000.0
1000.0
788.0
1000.0
1000.0
1000.0
1000.0
1000.0
1000.0
988.0
1000.0
799.0
1000.0
1000.0
1000.0
994.0
0.0
1000.0
1000.0
987.0
1000.0
1000.0
1000.0
1000.0
1000.0
1000.0
0.0
1000.0
981.0
1000.0
995.0
1000.0
800.0
1000.0
1000.0
998.0
1000.0
1000.0
955.0
1000.0
1000.0
989.0
1000.0
1000.0
1000.0
998.0
1000.0
1000.0
1000.0
995.0
1000.0
1000.0
1000.0
995.0
1000.0
0.0
1000.0
998.0
1000.0
1000.0
772.0
1000.0
1000.0
1000.0
1000.0
990.0
802.0
802.0
1000.0
1000.0
0.0
1000.0
1000.0
1000.0
982.0
1000.0
98.0
1000.0
1000.0
996.0
1000.0
800.0
1000.0
1000.0
1000.0
1000.0
1000.0
1000.0
1000.0
1000.0
1000.0
1000.0
1000.0
995.0
1000.0
807.0
997.0
1000.0
1000.0
1000.0
786.0
0.0
1000.0
1000.0
1000.0
1000.0
1000.0
999.0
1000.0
1000.0
996.0
1000.0
992.0
9.0
1000.0
1000.0
1000.0
1000.0
1000.0
1000.0
993.0
1000.0
1000.0
994.0
1000.0
1000.0
918.0
1000.0
1000.0
989.0
1000.0
999.0
1000.0
999.0
1000.0
1000.0
1000.0
1000.0
1000.0
993.0
967.0
1000.0
1000.0
996.0
1000.0
1000.0
1000.0
988.0
1000.0
1000.0
1000.0
815.0
1000.0
1000.0
806.0
1000.0
1000.0
1000.0
0.0
998.0
1000.0
1000.0
800.0
992.0
1000.0
1000.0
996.0
1000.0
1000.0
1000.0
1000.0
1000.0
1000.0
967.0
797.0
1000.0
1000.0
951.0
788.0
1000.0
1000.0
1000.0
974.0
801.0
997.0
1000.0
998.0
1000.0
1000.0
780.0
797.0
1000.0
996.0
980.0
1000.0
1000.0
1000.0
1000.0
995.0
994.0
999.0
1000.0
984.0
1000.0
1000.0
945.0
1000.0
1000.0
768.0
1000.0
814.0
994.0
966.0
1000.0
1000.0
1000.0
1000.0
1000.0
995.0
990.0
1000.0
1000.0
968.0
1000.0
1000.0
1000.0
0.0
988.0
1000.0
1000.0
1000.0
1000.0
795.0
1000.0
997.0
788.0
1000.0
1000.0
1000.0
1000.0
1000.0
1000.0
998.0
1000.0
787.0
1000.0
1000.0
1000.0
1000.0
976.0
920.0
1000.0
180.0
1000.0
990.0
1000.0
1000.0
786.0
736.0
1000.0
999.0
1000.0
1000.0
1000.0
1000.0
998.0
1000.0
993.0
985.0
1000.0
1000.0
998.0
993.0
1000.0
1000.0
1000.0
782.0
772.0
1000.0
164.0
1000.0
1000.0
990.0
1000.0
1000.0
1000.0
1000.0
673.0
995.0
996.0
992.0
999.0
1000.0
999.0
1000.0
1000.0
808.0
1000.0
1000.0
1000.0
1000.0
790.0
1000.0
1000.0
1000.0
996.0
1000.0
1000.0
1000.0
1000.0
772.0
777.0
1000.0
780.0
1000.0
1000.0
1000.0
1000.0
999.0
999.0
999.0
996.0
982.0
1000.0
1000.0
989.0
766.0
1000.0
997.0
966.0
1000.0
1000.0
1000.0
1000.0
1000.0
1000.0
1000.0
780.0
999.0
1000.0
0.0
1000.0
1000.0
970.0
118.0
1000.0
992.0
988.0
996.0
972.0
781.0
799.0
177.0
1000.0
996.0
1000.0
993.0
1000.0
1000.0
642.0
991.0
1000.0
988.0
1000.0
1000.0
961.0
1000.0
972.0
1000.0
1000.0
1000.0
1000.0
1000.0
1000.0
1000.0
1000.0
1000.0
999.0
1000.0
1000.0
1000.0
1000.0
1000.0
1000.0
997.0
1000.0
792.0
1000.0
1000.0
701.0
997.0
999.0
1000.0
1000.0
149.0
1000.0
1000.0
1000.0
1000.0
1000.0
700.0
1000.0
796.0
962.0
783.0
688.0
990.0
1000.0
524.0
1000.0
170.0
1000.0
795.0
1000.0
971.0
999.0
1000.0
1000.0
786.0
792.0
455.0
994.0
992.0
992.0
1000.0
990.0
1000.0
927.0
0.0
999.0
997.0
796.0
1000.0
975.0
996.0
1000.0
437.0
1000.0
1000.0
1000.0
173.0
1000.0
1000.0
1000.0
989.0
972.0
1000.0
796.0
999.0
793.0
1000.0
990.0
999.0
995.0
1000.0
995.0
1000.0
995.0
0.0
1000.0
1000.0
981.0
994.0
1000.0
1000.0
1000.0
995.0
1000.0
1000.0
795.0
1000.0
1000.0
1000.0
1000.0
1000.0
1000.0
790.0
1000.0
1000.0
1000.0
1000.0
1000.0
766.0
998.0
807.0
1000.0
1000.0
1000.0
1000.0
1000.0
1000.0
1000.0
1000.0
999.0
997.0
1000.0
1000.0
1000.0
1000.0
800.0
1000.0
796.0
985.0
1000.0
0.0
655.0
807.0
1000.0
787.0
1000.0
790.0
1000.0
1000.0
1000.0
1000.0
875.0
999.0
1000.0
814.0
1000.0
1000.0
1000.0
802.0
1000.0
998.0
1000.0
1000.0
793.0
1000.0
991.0
986.0
1000.0
1000.0
997.0
990.0
1000.0
1000.0
1000.0
1000.0
1000.0
1000.0
787.0
1000.0
1000.0
1000.0
993.0
1000.0
976.0
1000.0
1000.0
1000.0
1000.0
998.0
1000.0
1000.0
999.0
0.0
973.0
999.0
999.0
1000.0
1000.0
1000.0
995.0
911.0
1000.0
997.0
1000.0
1000.0
990.0
1000.0
993.0
1000.0
1000.0
1000.0
796.0
1000.0
992.0
999.0
974.0
1000.0
1000.0
997.0
997.0
993.0
1000.0
1000.0
1000.0
1000.0
995.0
976.0
995.0
807.0
1000.0
999.0
1000.0
1000.0
1000.0
1000.0
999.0
1000.0
1000.0
1000.0
994.0
1000.0
797.0
110.0
992.0
963.0
782.0
995.0
1000.0
1000.0
1000.0
1000.0
0.0
1000.0
788.0
758.0
1000.0
994.0
1000.0
1000.0
742.0
0.0
1000.0
994.0
1000.0
1000.0
1000.0
1000.0
1000.0
999.0
995.0
775.0
976.0
993.0
1000.0
999.0
992.0
800.0
716.0
1000.0
992.0
999.0
0.0
1000.0
936.0
1000.0
676.0
1000.0
992.0
973.0
1000.0
1000.0
1000.0
796.0
1000.0
1000.0
1000.0
1000.0
993.0
1000.0
1000.0
794.0
1000.0
1000.0
805.0
1000.0
1000.0
1000.0
998.0
985.0
996.0
1000.0
1000.0
997.0
783.0
1000.0
1000.0
983.0
1000.0
1000.0
0.0
1000.0
1000.0
996.0
1000.0
942.0
1000.0
1000.0
995.0
971.0
1000.0
1000.0
794.0
993.0
0.0
1000.0
1000.0
1000.0
992.0
1000.0
1000.0
1000.0
971.0
886.0
981.0
998.0
114.0
1000.0
1000.0
1000.0
690.0
1000.0
1000.0
778.0
811.0
1000.0
801.0
1000.0
0.0
1000.0
1000.0
1000.0
993.0
1000.0
1000.0
996.0
1000.0
1000.0
1000.0
995.0
999.0
1000.0
1000.0
1000.0
759.0
984.0
1000.0
1000.0
100.0
1000.0
1000.0
1000.0
1000.0
1000.0
782.0
1000.0
990.0
981.0
1000.0
999.0
1000.0
973.0
1000.0
1000.0
1000.0
1000.0
0.0
1000.0
999.0
994.0
1000.0
1000.0
1000.0
1000.0
789.0
1000.0
810.0
1000.0
974.0
1000.0
1000.0
803.0
776.0
975.0
1000.0
999.0
994.0
997.0
993.0
999.0
1000.0
970.0
999.0
998.0
798.0
972.0
1000.0
1000.0
996.0
1000.0
1000.0
1000.0
997.0
806.0
0.0
1000.0
1000.0
1000.0
1000.0
791.0
1000.0
788.0
994.0
1000.0
1000.0
1000.0
1000.0
0.0
1000.0
993.0
0.0
1000.0
999.0
1000.0
1000.0
996.0
1000.0
997.0
994.0
1000.0
998.0
800.0
990.0
998.0
1000.0
1000.0
0.0
1000.0
990.0
1000.0
999.0
989.0
1000.0
1000.0
1000.0
1000.0
989.0
0.0
990.0
996.0
992.0
1000.0
1000.0
995.0
1000.0
1000.0
217.0
982.0
1000.0
975.0
1000.0
1000.0
1000.0
777.0
1000.0
1000.0
948.0
991.0
798.0
1000.0
1000.0
999.0
1000.0
990.0
1000.0
1000.0
968.0
1000.0
999.0
998.0
990.0
954.0
201.0
1000.0
1000.0
1000.0
1000.0
1000.0
996.0
665.0
814.0
1000.0
1000.0
1000.0
1000.0
1000.0
1000.0
1000.0
1000.0
1000.0
989.0
998.0
1000.0
1000.0
1000.0
1000.0
1000.0
991.0
973.0
1000.0
1000.0
985.0
783.0
1000.0
993.0
786.0
1000.0
995.0
779.0
149.0
1000.0
1000.0
1000.0
999.0
802.0
992.0
1000.0
972.0
1000.0
819.0
1000.0
751.0
1000.0
1000.0
1000.0
1000.0
1000.0
999.0
1000.0
1000.0
791.0
1000.0
1000.0
771.0
771.0
1000.0
798.0
788.0
991.0
1000.0
1000.0
1000.0
991.0
1000.0
1000.0
1000.0
996.0
1000.0
1000.0
999.0
1000.0
1000.0
780.0
1000.0
1000.0
990.0
1000.0
798.0
725.0
781.0
779.0
1000.0
999.0
1000.0
1000.0
1000.0
1000.0
1000.0
1000.0
1000.0
1000.0
1000.0
1000.0
1000.0
999.0
1000.0
1000.0
1000.0
0.0
1000.0
1000.0
1000.0
791.0
1000.0
1000.0
997.0
1000.0
1000.0
1000.0
0.0
998.0
1000.0
1000.0
901.0
1000.0
0.0
1000.0
1000.0
987.0
1000.0
999.0
1000.0
1000.0
915.0
1000.0
1000.0
1000.0
1000.0
328.0
1000.0
1000.0
999.0
1000.0
1000.0
1000.0
1000.0
1000.0
1000.0
1000.0
1000.0
889.0
1000.0
995.0
779.0
1000.0
762.0
974.0
959.0
996.0
784.0
788.0
994.0
1000.0
1000.0
993.0
1000.0
1000.0
1000.0
1000.0
809.0
1000.0
994.0
1000.0
177.0
946.0
997.0
1000.0
1000.0
883.0
1000.0
982.0
1000.0
989.0
1000.0
1000.0
979.0
1000.0
1000.0
760.0
1000.0
796.0
1000.0
1000.0
1000.0
180.0
998.0
1000.0
999.0
1000.0
1000.0
1000.0
796.0
980.0
951.0
1000.0
1000.0
804.0
1000.0
1000.0
999.0
995.0
1000.0
974.0
1000.0
1000.0
1000.0
797.0
994.0
1000.0
1000.0
992.0
1000.0
829.0
1000.0
993.0
1000.0
1000.0
1000.0
1000.0
1000.0
1000.0
729.0
1000.0
994.0
1000.0
1000.0
1000.0
789.0
1000.0
999.0
967.0
1000.0
1000.0
1000.0
1000.0
1000.0
1000.0
978.0
1000.0
1000.0
0.0
1000.0
975.0
1000.0
1000.0
807.0
804.0
993.0
1000.0
768.0
1000.0
1000.0
1000.0
1000.0
1000.0
1000.0
972.0
1000.0
997.0
1000.0
1000.0
1000.0
1000.0
989.0
796.0
954.0
1000.0
993.0
994.0
1000.0
1000.0
974.0
672.0
1.0
952.0
967.0
1000.0
893.0
978.0
1000.0
1000.0
1000.0
797.0
1000.0
1000.0
1000.0
999.0
1000.0
992.0
1000.0
995.0
1000.0
978.0
767.0
156.0
1000.0
1000.0
1000.0
1000.0
1000.0
993.0
1000.0
1000.0
1000.0
989.0
1000.0
1000.0
964.0
0.0
409.0
0.0
967.0
790.0
992.0
793.0
989.0
1000.0
973.0
1000.0
1000.0
998.0
1000.0
999.0
799.0
1000.0
1000.0
1000.0
992.0
3.0
1000.0
998.0
780.0
1000.0
970.0
976.0
9.0
998.0
1000.0
1000.0
1000.0
1000.0
1000.0
996.0
1000.0
999.0
999.0
998.0
1000.0
1000.0
1000.0
1000.0
990.0
989.0
783.0
1000.0
978.0
1000.0
985.0
998.0
1000.0
1000.0
1000.0
83.0
804.0
998.0
810.0
1000.0
785.0
780.0
1000.0
973.0
1000.0
995.0
972.0
993.0
999.0
1000.0
1000.0
983.0
1000.0
1000.0
998.0
978.0
1000.0
999.0
1000.0
1000.0
988.0
1000.0
1000.0
978.0
998.0
1000.0
1000.0
995.0
997.0
1000.0
1000.0
1000.0
1000.0
1000.0
999.0
999.0
998.0
792.0
1000.0
1000.0
1000.0
84.0
1000.0
995.0
796.0
1000.0
0.0
1000.0
785.0
792.0
784.0
1000.0
767.0
1000.0
995.0
982.0
994.0
995.0
975.0
908.0
1000.0
991.0
1000.0
1000.0
39.0
791.0
1000.0
785.0
1000.0
980.0
1000.0
1000.0
992.0
990.0
998.0
805.0
703.0
993.0
1000.0
458.0
1000.0
1000.0
996.0
999.0
997.0
994.0
998.0
976.0
972.0
793.0
1000.0
999.0
1000.0
995.0
1000.0
1000.0
1000.0
10.0
1000.0
795.0
993.0
159.0
1000.0
999.0
989.0
1000.0
1000.0
1000.0
974.0
1000.0
999.0
1000.0
1000.0
999.0
1000.0
1000.0
998.0
486.0
976.0
977.0
1000.0
987.0
126.0
1000.0
1000.0
999.0
982.0
987.0
1000.0
992.0
1000.0
788.0
1000.0
1000.0
971.0
1000.0
185.0
993.0
996.0
1000.0
1000.0
803.0
1000.0
1000.0
991.0
987.0
1000.0
992.0
89.0
941.0
791.0
1000.0
1000.0
814.0
1000.0
1000.0
1000.0
995.0
996.0
803.0
1000.0
1000.0
784.0
998.0
785.0
995.0
1000.0
1000.0
1000.0
997.0
999.0
1000.0
1000.0
1000.0
988.0
1000.0
1000.0
1000.0
1000.0
996.0
971.0
995.0
997.0
787.0
989.0
997.0
999.0
808.0
802.0
0.0
995.0
999.0
998.0
997.0
1000.0
992.0
1000.0
1000.0
994.0
1000.0
994.0
798.0
999.0
1000.0
0.0
653.0
1000.0
948.0
672.0
1000.0
0.0
0.0
1000.0
1000.0
987.0
769.0
1000.0
1000.0
0.0
790.0
1000.0
794.0
1000.0
978.0
994.0
999.0
0.0
995.0
1000.0
993.0
1000.0
1000.0
996.0
996.0
1000.0
1000.0
161.0
1000.0
1000.0
0.0
1000.0
1000.0
1000.0
1000.0
1000.0
1000.0
134.0
991.0
994.0
786.0
1000.0
62.0
993.0
704.0
1000.0
1000.0
774.0
1000.0
991.0
1000.0
1000.0
1000.0
1000.0
1000.0
71.0
801.0
1000.0
1000.0
996.0
800.0
1000.0
983.0
1000.0
1000.0
911.0
998.0
1000.0
1000.0
1000.0
779.0
958.0
965.0
0.0
974.0
1000.0
0.0
1000.0
1000.0
1000.0
1000.0
785.0
1000.0
1000.0
1000.0
1000.0
1000.0
0.0
1000.0
992.0
990.0
993.0
1000.0
1000.0
1000.0
0.0
1000.0
800.0
1000.0
1000.0
993.0
1000.0
0.0
1000.0
997.0
1000.0
998.0
1000.0
1000.0
0.0
966.0
992.0
981.0
1000.0
794.0
1000.0
680.0
970.0
1000.0
994.0
1000.0
1000.0
980.0
993.0
782.0
1000.0
1000.0
1000.0
1000.0
1000.0
1000.0
962.0
1000.0
1000.0
1000.0
1000.0
978.0
986.0
985.0
1000.0
995.0
1000.0
1000.0
1000.0
1000.0
1000.0
0.0
1000.0
1000.0
1000.0
999.0
996.0
27.0
953.0
1000.0
1000.0
1000.0
1000.0
999.0
804.0
974.0
989.0
1000.0
996.0
172.0
1000.0
1000.0
1000.0
1000.0
11.0
1000.0
1000.0
802.0
1000.0
807.0
1000.0
803.0
1000.0
1000.0
1000.0
1000.0
993.0
1000.0
1000.0
1000.0
157.0
1000.0
1000.0
786.0
0.0
1000.0
1000.0
1000.0
995.0
964.0
998.0
978.0
1000.0
1000.0
1000.0
990.0
1000.0
0.0
568.0
797.0
1000.0
797.0
1000.0
1000.0
992.0
997.0
813.0
1000.0
695.0
807.0
799.0
1000.0
780.0
1000.0
998.0
1000.0
1000.0
1000.0
1000.0
993.0
1000.0
1000.0
992.0
997.0
1000.0
797.0
1000.0
996.0
1000.0
983.0
1000.0
1000.0
1000.0
812.0
1000.0
1000.0
1000.0
1000.0
792.0
134.0
869.0
1000.0
1000.0
971.0
789.0
999.0
1000.0
36.0
1000.0
810.0
996.0
977.0
672.0
1000.0
1000.0
0.0
1000.0
967.0
992.0
994.0
1000.0
953.0
990.0
989.0
999.0
809.0
1000.0
1000.0
970.0
999.0
1000.0
1000.0
999.0
999.0
976.0
1000.0
800.0
999.0
1000.0
999.0
1000.0
1000.0
10.0
0.0
0.0
1000.0
995.0
1000.0
1000.0
1000.0
21.0
726.0
918.0
1000.0
788.0
994.0
1000.0
997.0
1000.0
1000.0
971.0
1000.0
1000.0
1000.0
992.0
0.0
1000.0
879.0
1000.0
1000.0
981.0
991.0
990.0
1000.0
961.0
1000.0
971.0
1000.0
779.0
1000.0
1000.0
996.0
998.0
1000.0
0.0
999.0
1000.0
1000.0
14.0
1000.0
944.0
782.0
942.0
806.0
954.0
994.0
1000.0
974.0
103.0
1000.0
997.0
1000.0
1000.0
1000.0
1000.0
1000.0
999.0
897.0
564.0
996.0
990.0
1000.0
776.0
1000.0
820.0
1000.0
1000.0
797.0
1000.0
1000.0
991.0
995.0
1000.0
996.0
1000.0
995.0
776.0
1000.0
993.0
1000.0
1000.0
832.0
308.0
1000.0
1000.0
1000.0
997.0
1000.0
1000.0
992.0
811.0
1000.0
1000.0
1000.0
1000.0
942.0
1000.0
994.0
998.0
940.0
981.0
983.0
991.0
1000.0
798.0
999.0
972.0
993.0
1000.0
1000.0
1000.0
1000.0
995.0
998.0
1000.0
1000.0
1000.0
788.0
1000.0
954.0
71.0
999.0
952.0
999.0
1000.0
1000.0
790.0
1000.0
999.0
975.0
1000.0
1000.0
915.0
805.0
781.0
991.0
1000.0
998.0
999.0
997.0
977.0
990.0
782.0
985.0
793.0
802.0
770.0
23.0
0.0
796.0
1000.0
1000.0
794.0
1000.0
965.0
47.0
809.0
995.0
793.0
1000.0
1000.0
1000.0
1000.0
999.0
995.0
975.0
792.0
1000.0
728.0
975.0
1000.0
997.0
961.0
1000.0
796.0
997.0
1000.0
978.0
0.0
797.0
1000.0
978.0
1000.0
1000.0
987.0
1000.0
1000.0
1000.0
1000.0
1000.0
1000.0
999.0
1000.0
986.0
816.0
8.0
805.0
1000.0
791.0
712.0
1000.0
806.0
1000.0
1000.0
1000.0
1000.0
783.0
681.0
1000.0
1000.0
972.0
1000.0
804.0
1000.0
977.0
1000.0
1000.0
803.0
1000.0
995.0
1000.0
998.0
993.0
1000.0
1000.0
995.0
798.0
1000.0
998.0
988.0
950.0
987.0
793.0
1000.0
789.0
104.0
0.0
1000.0
1000.0
157.0
729.0
1000.0
1000.0
978.0
992.0
1000.0
992.0
1000.0
786.0
994.0
1000.0
998.0
1000.0
995.0
994.0
994.0
803.0
321.0
1000.0
815.0
1000.0
796.0
999.0
1000.0
957.0
1000.0
504.0
0.0
1000.0
970.0
992.0
995.0
993.0
1000.0
960.0
982.0
1000.0
979.0
796.0
1000.0
788.0
50.0
997.0
40.0
1000.0
997.0
747.0
788.0
979.0
978.0
990.0
1000.0
993.0
43.0
1000.0
1000.0
788.0
787.0
1000.0
1000.0
794.0
1000.0
142.0
997.0
1000.0
1000.0
788.0
779.0
1000.0
1000.0
991.0
794.0
1000.0
1000.0
999.0
1000.0
785.0
1000.0
970.0
1000.0
789.0
998.0
996.0
0.0
788.0
972.0
96.0
937.0
900.0
997.0
995.0
0.0
804.0
901.0
1000.0
784.0
1000.0
1000.0
1000.0
950.0
1000.0
802.0
1000.0
1000.0
1000.0
795.0
997.0
71.0
805.0
968.0
992.0
1000.0
1000.0
994.0
1000.0
980.0
1000.0
993.0
771.0
711.0
999.0
44.0
0.0
993.0
999.0
996.0
1000.0
997.0
1000.0
1000.0
757.0
1000.0
1000.0
1000.0
976.0
1000.0
795.0
0.0
1000.0
814.0
999.0
139.0
801.0
971.0
2.0
1000.0
1000.0
1000.0
997.0
1000.0
1000.0
977.0
1000.0
1000.0
1000.0
951.0
808.0
786.0
1000.0
480.0
968.0
999.0
995.0
999.0
1000.0
790.0
796.0
154.0
991.0
1000.0
1000.0
1000.0
787.0
987.0
1000.0
975.0
992.0
967.0
1000.0
1000.0
984.0
702.0
1000.0
807.0
816.0
1000.0
1000.0
1000.0
976.0
1000.0
999.0
796.0
992.0
1000.0
802.0
1000.0
527.0
1000.0
801.0
996.0
1000.0
989.0
793.0
996.0
991.0
1000.0
754.0
1000.0
972.0
792.0
973.0
997.0
1000.0
784.0
808.0
1000.0
998.0
1000.0
799.0
989.0
798.0
991.0
999.0
996.0
39.0
974.0
778.0
802.0
788.0
1000.0
780.0
809.0
1000.0
999.0
1000.0
1000.0
0.0
992.0
1000.0
902.0
998.0
996.0
989.0
0.0
1000.0
1000.0
999.0
1000.0
719.0
1000.0
1000.0
992.0
1000.0
548.0
996.0
1000.0
978.0
1000.0
795.0
798.0
996.0
881.0
832.0
1000.0
993.0
1000.0
1000.0
794.0
994.0
763.0
780.0
1000.0
996.0
994.0
770.0
795.0
781.0
798.0
0.0
410.0
994.0
999.0
802.0
999.0
958.0
813.0
806.0
809.0
1000.0
795.0
996.0
995.0
1000.0
745.0
737.0
0.0
967.0
795.0
978.0
975.0
992.0
66.0
968.0
982.0
800.0
1000.0
989.0
1000.0
997.0
791.0
982.0
704.0
946.0
0.0
997.0
977.0
989.0
967.0
787.0
972.0
798.0
973.0
789.0
792.0
992.0
789.0
993.0
1000.0
804.0
758.0
993.0
749.0
921.0
1000.0
191.0
981.0
1000.0
69.0
999.0
968.0
996.0
1000.0
992.0
781.0
765.0
205.0
994.0
994.0
94.0
779.0
966.0
0.0
788.0
796.0
299.0
793.0
1000.0
86.0
792.0
806.0
1000.0
999.0
995.0
998.0
791.0
42.0
1000.0
34.0
956.0
733.0
999.0
977.0
820.0
793.0
759.0
798.0
785.0
794.0
782.0
804.0
804.0
83.0
808.0
977.0
446.0
771.0
814.0
760.0
772.0
792.0
807.0
968.0
779.0
791.0
791.0
797.0
805.0
781.0
794.0
793.0
791.0
0.0
12.0
0.0
0.0
0.0
0.0
0.0
30.0
0.0
0.0
0.0
0.0
2.0
0.0
0.0
0.0
0.0
0.0
0.0
2.0
20.0
0.0
0.0
0.0
0.0
0.0
2.0
0.0
1.0
0.0
0.0
1.0
2.0
107.0
0.0
0.0
0.0
0.0
2.0
115.0
0.0
0.0
110.0
0.0
0.0
2.0
0.0
658.0
0.0
1.0
4.0
0.0
5.0
0.0
5.0
69.0
95.0
7.0
0.0
0.0
0.0
86.0
0.0
0.0
0.0
0.0
2.0
0.0
0.0
0.0
0.0
95.0
0.0
0.0
0.0
108.0
0.0
0.0
1.0
0.0
0.0
0.0
4.0
13.0
0.0
114.0
0.0
0.0
112.0
0.0
3.0
0.0
2.0
0.0
0.0
0.0
0.0
2.0
860.0
0.0
277.0
0.0
0.0
0.0
0.0
0.0
3.0
108.0
7.0
0.0
0.0
0.0
0.0
0.0
21.0
0.0
0.0
0.0
998.0
0.0
2.0
0.0
16.0
0.0
0.0
97.0
0.0
0.0
1.0
0.0
111.0
0.0
2.0
3.0
0.0
0.0
0.0
0.0
3.0
0.0
19.0
119.0
0.0
0.0
0.0
0.0
0.0
0.0
5.0
0.0
0.0
0.0
557.0
122.0
31.0
0.0
0.0
4.0
0.0
1.0
0.0
0.0
0.0
0.0
3.0
0.0
57.0
0.0
0.0
0.0
6.0
106.0
4.0
0.0
0.0
1.0
4.0
554.0
0.0
0.0
0.0
0.0
1.0
0.0
0.0
0.0
0.0
4.0
0.0
0.0
0.0
575.0
0.0
0.0
0.0
92.0
0.0
0.0
0.0
0.0
17.0
0.0
0.0
110.0
0.0
95.0
0.0
2.0
0.0
0.0
0.0
0.0
0.0
0.0
0.0
0.0
0.0
1.0
4.0
101.0
1.0
0.0
0.0
0.0
1000.0
0.0
22.0
0.0
0.0
0.0
0.0
1.0
93.0
0.0
2.0
0.0
0.0
82.0
0.0
0.0
0.0
0.0
0.0
1.0
0.0
0.0
0.0
0.0
1.0
0.0
1.0
0.0
1.0
0.0
0.0
0.0
0.0
0.0
20.0
0.0
106.0
0.0
0.0
0.0
0.0
0.0
0.0
0.0
2.0
0.0
0.0
0.0
0.0
0.0
0.0
0.0
2.0
0.0
40.0
0.0
220.0
0.0
0.0
0.0
0.0
0.0
0.0
87.0
0.0
0.0
1.0
0.0
0.0
1000.0
0.0
7.0
0.0
0.0
0.0
16.0
0.0
0.0
98.0
1.0
0.0
0.0
4.0
0.0
104.0
0.0
9.0
0.0
3.0
0.0
0.0
0.0
0.0
35.0
1.0
0.0
0.0
0.0
0.0
0.0
1000.0
11.0
0.0
115.0
0.0
0.0
0.0
0.0
0.0
117.0
0.0
0.0
0.0
116.0
2.0
0.0
2.0
0.0
0.0
0.0
0.0
1.0
0.0
0.0
0.0
0.0
1.0
0.0
0.0
3.0
0.0
0.0
0.0
0.0
0.0
0.0
0.0
23.0
0.0
5.0
95.0
0.0
0.0
139.0
0.0
4.0
0.0
0.0
0.0
0.0
0.0
3.0
0.0
106.0
0.0
563.0
0.0
287.0
1.0
103.0
0.0
0.0
0.0
0.0
0.0
7.0
38.0
0.0
0.0
1.0
0.0
0.0
1.0
0.0
0.0
1000.0
0.0
1.0
0.0
0.0
0.0
0.0
102.0
3.0
0.0
0.0
2.0
0.0
115.0
0.0
0.0
0.0
0.0
105.0
1.0
0.0
366.0
183.0
0.0
0.0
0.0
0.0
114.0
0.0
0.0
1.0
1000.0
0.0
0.0
0.0
0.0
0.0
419.0
128.0
0.0
0.0
0.0
0.0
0.0
0.0
97.0
0.0
135.0
0.0
0.0
4.0
3.0
107.0
0.0
1.0
0.0
1.0
0.0
97.0
0.0
0.0
2.0
0.0
0.0
16.0
1.0
0.0
95.0
0.0
0.0
117.0
0.0
0.0
0.0
1.0
0.0
0.0
1.0
0.0
89.0
0.0
1.0
0.0
0.0
0.0
15.0
0.0
0.0
0.0
0.0
541.0
1.0
20.0
0.0
1.0
99.0
0.0
0.0
0.0
94.0
0.0
0.0
0.0
25.0
0.0
0.0
0.0
25.0
0.0
4.0
0.0
43.0
4.0
40.0
0.0
2.0
0.0
0.0
0.0
0.0
0.0
5.0
1.0
0.0
0.0
16.0
100.0
0.0
18.0
2.0
0.0
0.0
0.0
3.0
0.0
189.0
0.0
0.0
0.0
0.0
0.0
0.0
0.0
77.0
0.0
0.0
6.0
1.0
0.0
2.0
0.0
96.0
91.0
9.0
0.0
0.0
0.0
4.0
0.0
0.0
0.0
101.0
0.0
0.0
2.0
23.0
0.0
0.0
0.0
19.0
2.0
0.0
1.0
0.0
786.0
0.0
0.0
0.0
102.0
0.0
0.0
0.0
0.0
0.0
20.0
289.0
0.0
0.0
111.0
0.0
19.0
4.0
0.0
2.0
6.0
0.0
0.0
11.0
7.0
87.0
0.0
2.0
0.0
96.0
0.0
0.0
25.0
233.0
15.0
0.0
1.0
0.0
99.0
949.0
0.0
13.0
3.0
4.0
5.0
2.0
3.0
1000.0
25.0
0.0
0.0
0.0
0.0
110.0
0.0
0.0
0.0
0.0
0.0
114.0
0.0
105.0
1.0
0.0
4.0
0.0
0.0
0.0
97.0
0.0
2.0
0.0
0.0
119.0
0.0
0.0
0.0
1.0
0.0
0.0
0.0
0.0
1000.0
112.0
0.0
0.0
0.0
0.0
0.0
0.0
0.0
3.0
0.0
0.0
0.0
1.0
94.0
0.0
0.0
0.0
0.0
930.0
0.0
15.0
0.0
0.0
0.0
0.0
0.0
1.0
0.0
0.0
92.0
0.0
0.0
0.0
0.0
18.0
0.0
0.0
873.0
0.0
0.0
14.0
0.0
947.0
85.0
1.0
0.0
2.0
21.0
0.0
0.0
95.0
0.0
2.0
13.0
0.0
0.0
0.0
0.0
0.0
3.0
0.0
0.0
3.0
3.0
1.0
0.0
2.0
91.0
3.0
0.0
0.0
0.0
0.0
2.0
0.0
0.0
103.0
0.0
101.0
0.0
0.0
20.0
1.0
0.0
112.0
14.0
0.0
0.0
0.0
0.0
3.0
115.0
5.0
0.0
1.0
0.0
0.0
0.0
1000.0
0.0
1.0
0.0
0.0
100.0
108.0
0.0
2.0
93.0
0.0
4.0
0.0
0.0
0.0
0.0
17.0
0.0
100.0
4.0
0.0
404.0
0.0
0.0
0.0
0.0
0.0
0.0
0.0
108.0
0.0
6.0
3.0
0.0
62.0
1000.0
0.0
0.0
0.0
0.0
0.0
0.0
0.0
623.0
135.0
0.0
0.0
0.0
0.0
4.0
124.0
0.0
0.0
0.0
93.0
0.0
1.0
93.0
0.0
0.0
0.0
0.0
0.0
102.0
2.0
0.0
0.0
85.0
19.0
0.0
100.0
0.0
0.0
0.0
82.0
108.0
1.0
0.0
7.0
82.0
0.0
14.0
3.0
0.0
0.0
0.0
1000.0
0.0
25.0
0.0
0.0
2.0
5.0
2.0
359.0
4.0
120.0
0.0
0.0
0.0
0.0
0.0
0.0
0.0
716.0
0.0
0.0
0.0
0.0
201.0
0.0
0.0
0.0
0.0
4.0
0.0
0.0
5.0
116.0
0.0
0.0
93.0
0.0
0.0
2.0
0.0
0.0
0.0
3.0
1.0
0.0
0.0
2.0
0.0
0.0
0.0
2.0
0.0
0.0
15.0
0.0
0.0
0.0
0.0
0.0
3.0
0.0
0.0
0.0
4.0
0.0
2.0
4.0
0.0
0.0
36.0
0.0
0.0
0.0
98.0
0.0
1000.0
0.0
1.0
111.0
232.0
0.0
0.0
0.0
0.0
0.0
0.0
0.0
0.0
12.0
0.0
130.0
1.0
0.0
0.0
0.0
0.0
0.0
0.0
4.0
0.0
0.0
0.0
2.0
0.0
0.0
2.0
4.0
0.0
0.0
0.0
0.0
1.0
0.0
0.0
0.0
0.0
0.0
0.0
0.0
0.0
0.0
3.0
23.0
0.0
0.0
0.0
114.0
77.0
0.0
0.0
0.0
0.0
0.0
0.0
118.0
91.0
0.0
0.0
0.0
109.0
0.0
0.0
0.0
30.0
0.0
0.0
0.0
0.0
0.0
0.0
0.0
0.0
17.0
1000.0
0.0
1.0
1.0
0.0
7.0
0.0
0.0
0.0
0.0
84.0
2.0
0.0
3.0
0.0
0.0
1.0
0.0
13.0
100.0
0.0
0.0
0.0
0.0
103.0
15.0
24.0
0.0
2.0
0.0
0.0
1000.0
0.0
100.0
103.0
0.0
410.0
0.0
3.0
140.0
0.0
0.0
0.0
0.0
92.0
18.0
0.0
80.0
0.0
0.0
0.0
9.0
0.0
2.0
0.0
0.0
2.0
0.0
0.0
1.0
0.0
0.0
0.0
0.0
0.0
19.0
0.0
0.0
0.0
0.0
0.0
0.0
0.0
4.0
1.0
0.0
1.0
0.0
96.0
0.0
0.0
0.0
111.0
0.0
0.0
12.0
0.0
0.0
0.0
0.0
0.0
0.0
0.0
4.0
0.0
44.0
0.0
0.0
0.0
0.0
0.0
0.0
711.0
0.0
0.0
0.0
940.0
0.0
2.0
0.0
0.0
0.0
42.0
0.0
953.0
0.0
0.0
1.0
0.0
0.0
0.0
0.0
100.0
97.0
111.0
14.0
3.0
648.0
0.0
0.0
0.0
0.0
0.0
0.0
14.0
0.0
0.0
0.0
0.0
0.0
14.0
2.0
1000.0
0.0
0.0
3.0
0.0
2.0
3.0
5.0
97.0
1.0
0.0
19.0
0.0
0.0
0.0
9.0
0.0
0.0
0.0
0.0
0.0
0.0
0.0
0.0
0.0
0.0
0.0
1.0
0.0
1.0
0.0
0.0
0.0
0.0
0.0
2.0
0.0
33.0
0.0
110.0
0.0
2.0
0.0
0.0
0.0
103.0
0.0
0.0
0.0
0.0
0.0
3.0
0.0
0.0
3.0
0.0
0.0
0.0
0.0
0.0
0.0
401.0
0.0
0.0
0.0
105.0
80.0
0.0
0.0
0.0
1000.0
0.0
106.0
709.0
0.0
0.0
0.0
110.0
0.0
21.0
120.0
1.0
0.0
0.0
0.0
15.0
104.0
0.0
0.0
0.0
0.0
10.0
0.0
2.0
4.0
0.0
0.0
1.0
0.0
2.0
0.0
0.0
0.0
4.0
0.0
0.0
13.0
13.0
0.0
0.0
0.0
2.0
0.0
0.0
0.0
0.0
0.0
1000.0
111.0
1.0
0.0
423.0
0.0
3.0
81.0
102.0
0.0
0.0
16.0
90.0
0.0
0.0
0.0
0.0
0.0
11.0
0.0
0.0
2.0
0.0
109.0
0.0
0.0
1.0
0.0
0.0
119.0
0.0
2.0
0.0
0.0
17.0
0.0
3.0
0.0
0.0
2.0
0.0
0.0
0.0
0.0
99.0
0.0
0.0
0.0
0.0
0.0
997.0
0.0
0.0
105.0
0.0
0.0
0.0
104.0
0.0
0.0
291.0
0.0
20.0
2.0
2.0
0.0
0.0
0.0
0.0
3.0
0.0
0.0
0.0
0.0
16.0
0.0
0.0
0.0
0.0
0.0
0.0
0.0
101.0
0.0
0.0
1.0
0.0
0.0
0.0
0.0
0.0
14.0
3.0
0.0
72.0
0.0
0.0
0.0
0.0
0.0
204.0
0.0
0.0
0.0
2.0
2.0
0.0
0.0
7.0
2.0
0.0
0.0
109.0
0.0
0.0
4.0
101.0
0.0
0.0
526.0
0.0
1000.0
0.0
0.0
0.0
0.0
107.0
6.0
0.0
0.0
0.0
0.0
0.0
0.0
0.0
0.0
106.0
406.0
0.0
2.0
0.0
14.0
0.0
0.0
405.0
0.0
118.0
118.0
0.0
0.0
0.0
0.0
0.0
3.0
0.0
0.0
208.0
38.0
0.0
0.0
0.0
97.0
0.0
0.0
88.0
0.0
10.0
0.0
98.0
114.0
0.0
0.0
0.0
2.0
4.0
0.0
0.0
92.0
119.0
0.0
0.0
16.0
0.0
0.0
86.0
0.0
0.0
0.0
142.0
0.0
0.0
1.0
12.0
0.0
3.0
0.0
96.0
0.0
0.0
0.0
2.0
0.0
0.0
0.0
0.0
23.0
19.0
0.0
0.0
0.0
0.0
0.0
0.0
20.0
0.0
0.0
0.0
0.0
95.0
0.0
0.0
0.0
0.0
1000.0
0.0
0.0
0.0
290.0
0.0
0.0
0.0
0.0
0.0
86.0
2.0
0.0
0.0
0.0
118.0
130.0
81.0
105.0
0.0
0.0
0.0
0.0
0.0
0.0
1.0
1000.0
0.0
0.0
0.0
0.0
0.0
0.0
3.0
0.0
5.0
101.0
0.0
0.0
0.0
0.0
0.0
0.0
0.0
228.0
0.0
195.0
0.0
0.0
0.0
0.0
0.0
22.0
0.0
0.0
0.0
36.0
0.0
395.0
0.0
3.0
10.0
0.0
0.0
0.0
109.0
306.0
0.0
0.0
0.0
0.0
0.0
0.0
0.0
95.0
878.0
0.0
0.0
1.0
2.0
0.0
0.0
0.0
0.0
22.0
35.0
118.0
0.0
0.0
0.0
0.0
118.0
104.0
0.0
0.0
0.0
0.0
3.0
107.0
7.0
0.0
0.0
0.0
18.0
0.0
0.0
0.0
0.0
0.0
88.0
0.0
75.0
0.0
22.0
98.0
2.0
998.0
2.0
0.0
0.0
0.0
91.0
0.0
0.0
0.0
0.0
4.0
0.0
0.0
0.0
0.0
1.0
0.0
0.0
0.0
3.0
0.0
0.0
0.0
0.0
0.0
0.0
0.0
0.0
38.0
0.0
0.0
38.0
0.0
14.0
0.0
651.0
90.0
97.0
0.0
0.0
1.0
0.0
0.0
0.0
0.0
0.0
0.0
0.0
0.0
0.0
0.0
47.0
0.0
0.0
999.0
0.0
0.0
13.0
4.0
0.0
0.0
0.0
8.0
0.0
0.0
0.0
0.0
0.0
0.0
11.0
0.0
0.0
0.0
0.0
0.0
100.0
0.0
0.0
0.0
0.0
1.0
0.0
0.0
0.0
7.0
21.0
0.0
18.0
0.0
187.0
0.0
0.0
16.0
0.0
2.0
1.0
86.0
0.0
0.0
0.0
0.0
0.0
0.0
0.0
0.0
0.0
0.0
0.0
0.0
0.0
14.0
0.0
0.0
0.0
0.0
0.0
0.0
2.0
0.0
0.0
0.0
0.0
117.0
9.0
0.0
0.0
0.0
0.0
6.0
0.0
16.0
5.0
0.0
0.0
95.0
0.0
0.0
1000.0
1.0
0.0
0.0
0.0
0.0
0.0
0.0
0.0
0.0
0.0
0.0
96.0
208.0
0.0
0.0
94.0
0.0
0.0
4.0
1.0
0.0
3.0
0.0
0.0
0.0
0.0
0.0
0.0
15.0
0.0
0.0
48.0
29.0
20.0
4.0
0.0
0.0
0.0
1.0
97.0
3.0
0.0
20.0
573.0
0.0
0.0
2.0
0.0
0.0
12.0
5.0
0.0
0.0
0.0
0.0
0.0
0.0
0.0
0.0
0.0
0.0
0.0
0.0
0.0
93.0
0.0
0.0
0.0
0.0
1000.0
0.0
99.0
0.0
6.0
2.0
5.0
0.0
0.0
1.0
0.0
9.0
101.0
0.0
2.0
0.0
0.0
104.0
2.0
106.0
0.0
0.0
181.0
0.0
3.0
105.0
0.0
1.0
0.0
0.0
0.0
1000.0
0.0
4.0
0.0
0.0
0.0
0.0
42.0
0.0
101.0
0.0
1000.0
0.0
0.0
0.0
734.0
79.0
0.0
0.0
0.0
131.0
0.0
0.0
0.0
0.0
124.0
0.0
2.0
113.0
0.0
0.0
210.0
115.0
114.0
123.0
1000.0
0.0
0.0
0.0
0.0
0.0
0.0
929.0
0.0
5.0
0.0
5.0
109.0
1.0
13.0
0.0
0.0
2.0
37.0
0.0
0.0
0.0
2.0
1.0
0.0
0.0
2.0
0.0
0.0
0.0
0.0
0.0
0.0
0.0
0.0
0.0
0.0
0.0
2.0
0.0
18.0
102.0
4.0
0.0
2.0
4.0
0.0
0.0
14.0
0.0
0.0
0.0
103.0
0.0
0.0
0.0
14.0
0.0
0.0
1.0
104.0
0.0
0.0
0.0
0.0
0.0
87.0
0.0
408.0
0.0
0.0
99.0
426.0
0.0
0.0
502.0
0.0
2.0
1.0
0.0
0.0
0.0
0.0
0.0
0.0
1000.0
0.0
0.0
0.0
90.0
10.0
2.0
0.0
2.0
0.0
0.0
0.0
0.0
0.0
101.0
0.0
204.0
0.0
0.0
0.0
5.0
0.0
0.0
0.0
0.0
0.0
0.0
0.0
0.0
0.0
0.0
99.0
0.0
0.0
0.0
0.0
0.0
103.0
96.0
0.0
0.0
2.0
0.0
0.0
0.0
0.0
2.0
0.0
1.0
0.0
0.0
0.0
0.0
2.0
0.0
5.0
3.0
13.0
0.0
1000.0
0.0
0.0
0.0
0.0
0.0
0.0
114.0
0.0
1.0
112.0
10.0
0.0
0.0
0.0
9.0
0.0
0.0
0.0
17.0
0.0
0.0
103.0
0.0
14.0
0.0
106.0
0.0
0.0
0.0
0.0
0.0
0.0
1000.0
0.0
0.0
0.0
0.0
88.0
0.0
22.0
0.0
0.0
0.0
131.0
46.0
34.0
0.0
0.0
5.0
0.0
1.0
656.0
0.0
6.0
0.0
0.0
0.0
0.0
0.0
0.0
1.0
0.0
0.0
0.0
0.0
0.0
0.0
128.0
0.0
0.0
0.0
20.0
107.0
1000.0
0.0
0.0
0.0
278.0
364.0
0.0
0.0
0.0
1.0
102.0
0.0
0.0
0.0
0.0
0.0
0.0
0.0
0.0
996.0
0.0
0.0
12.0
0.0
0.0
0.0
0.0
0.0
0.0
0.0
20.0
1.0
0.0
0.0
1.0
0.0
0.0
1.0
0.0
0.0
154.0
1.0
0.0
0.0
5.0
0.0
0.0
0.0
0.0
0.0
0.0
0.0
97.0
0.0
0.0
0.0
2.0
0.0
97.0
0.0
0.0
0.0
480.0
0.0
0.0
0.0
0.0
0.0
17.0
0.0
0.0
0.0
0.0
0.0
0.0
2.0
0.0
0.0
1.0
18.0
115.0
0.0
14.0
0.0
0.0
2.0
2.0
0.0
0.0
17.0
0.0
0.0
20.0
0.0
0.0
1.0
15.0
117.0
2.0
0.0
88.0
324.0
1.0
0.0
0.0
0.0
0.0
0.0
0.0
0.0
0.0
0.0
0.0
0.0
555.0
0.0
0.0
0.0
0.0
0.0
0.0
0.0
0.0
101.0
0.0
0.0
0.0
0.0
0.0
0.0
109.0
0.0
0.0
0.0
0.0
0.0
0.0
0.0
0.0
13.0
0.0
0.0
0.0
0.0
0.0
0.0
0.0
0.0
1.0
0.0
102.0
0.0
0.0
0.0
1.0
0.0
0.0
0.0
0.0
0.0
112.0
93.0
0.0
107.0
0.0
1000.0
101.0
0.0
0.0
82.0
0.0
107.0
0.0
2.0
0.0
0.0
0.0
8.0
5.0
0.0
122.0
0.0
100.0
0.0
0.0
0.0
0.0
15.0
0.0
101.0
0.0
19.0
0.0
0.0
0.0
1.0
4.0
0.0
0.0
3.0
0.0
0.0
1.0
3.0
0.0
95.0
0.0
0.0
0.0
0.0
0.0
0.0
106.0
994.0
0.0
65.0
102.0
3.0
0.0
0.0
114.0
0.0
0.0
0.0
0.0
2.0
0.0
2.0
0.0
0.0
0.0
2.0
133.0
1000.0
0.0
0.0
0.0
0.0
0.0
5.0
98.0
0.0
0.0
25.0
0.0
5.0
0.0
0.0
4.0
11.0
30.0
0.0
90.0
1000.0
0.0
5.0
0.0
0.0
2.0
0.0
0.0
113.0
0.0
136.0
0.0
0.0
0.0
1.0
0.0
1000.0
0.0
0.0
0.0
0.0
0.0
0.0
99.0
1.0
1.0
1.0
84.0
1.0
1.0
0.0
1.0
0.0
0.0
0.0
0.0
0.0
1.0
93.0
0.0
0.0
0.0
0.0
0.0
0.0
11.0
0.0
0.0
0.0
0.0
0.0
117.0
0.0
0.0
0.0
0.0
0.0
0.0
87.0
0.0
0.0
0.0
0.0
102.0
0.0
0.0
0.0
0.0
0.0
1.0
0.0
0.0
1.0
125.0
0.0
0.0
0.0
0.0
0.0
204.0
0.0
0.0
0.0
399.0
104.0
0.0
0.0
0.0
0.0
0.0
0.0
24.0
0.0
0.0
0.0
0.0
1.0
0.0
0.0
0.0
0.0
0.0
0.0
0.0
0.0
2.0
0.0
0.0
0.0
0.0
0.0
2.0
0.0
0.0
0.0
14.0
2.0
16.0
0.0
2.0
1.0
1.0
0.0
0.0
0.0
885.0
0.0
0.0
0.0
0.0
86.0
10.0
0.0
0.0
1.0
2.0
100.0
0.0
0.0
0.0
0.0
0.0
0.0
0.0
0.0
0.0
0.0
0.0
0.0
1000.0
167.0
0.0
0.0
0.0
104.0
0.0
0.0
0.0
0.0
0.0
0.0
2.0
0.0
98.0
0.0
0.0
0.0
3.0
1000.0
0.0
0.0
7.0
0.0
0.0
0.0
0.0
0.0
0.0
1000.0
0.0
16.0
0.0
2.0
0.0
105.0
0.0
0.0
1.0
0.0
0.0
16.0
0.0
0.0
11.0
0.0
0.0
0.0
1.0
0.0
0.0
0.0
4.0
0.0
0.0
0.0
4.0
0.0
0.0
0.0
0.0
0.0
0.0
106.0
0.0
0.0
0.0
0.0
5.0
111.0
95.0
0.0
0.0
0.0
0.0
0.0
0.0
12.0
0.0
12.0
0.0
0.0
3.0
0.0
104.0
0.0
0.0
0.0
0.0
0.0
0.0
0.0
0.0
0.0
0.0
0.0
2.0
0.0
91.0
2.0
0.0
0.0
0.0
106.0
0.0
0.0
0.0
0.0
0.0
0.0
0.0
0.0
0.0
1.0
0.0
1.0
981.0
0.0
0.0
0.0
0.0
0.0
0.0
3.0
0.0
0.0
3.0
0.0
0.0
40.0
0.0
0.0
1.0
0.0
0.0
0.0
0.0
0.0
0.0
0.0
0.0
0.0
5.0
18.0
0.0
0.0
3.0
0.0
0.0
0.0
3.0
0.0
0.0
0.0
101.0
0.0
0.0
88.0
0.0
0.0
0.0
0.0
1.0
0.0
0.0
98.0
0.0
0.0
0.0
1.0
0.0
0.0
0.0
0.0
0.0
0.0
23.0
100.0
0.0
0.0
49.0
96.0
0.0
0.0
0.0
16.0
99.0
2.0
0.0
1.0
0.0
0.0
99.0
96.0
0.0
3.0
13.0
0.0
0.0
0.0
0.0
5.0
0.0
0.0
0.0
10.0
0.0
0.0
0.0
0.0
0.0
115.0
0.0
83.0
3.0
26.0
0.0
0.0
0.0
0.0
0.0
4.0
1.0
0.0
0.0
18.0
0.0
0.0
0.0
1000.0
3.0
0.0
0.0
0.0
0.0
110.0
0.0
3.0
92.0
0.0
0.0
0.0
0.0
0.0
0.0
1.0
0.0
107.0
0.0
0.0
0.0
0.0
16.0
69.0
0.0
402.0
0.0
3.0
0.0
0.0
96.0
262.0
0.0
1.0
0.0
0.0
0.0
0.0
0.0
0.0
4.0
8.0
0.0
0.0
2.0
5.0
0.0
0.0
0.0
118.0
126.0
0.0
428.0
0.0
0.0
2.0
0.0
0.0
0.0
0.0
205.0
3.0
3.0
2.0
1.0
0.0
0.0
0.0
0.0
90.0
0.0
0.0
0.0
0.0
107.0
0.0
0.0
0.0
3.0
0.0
0.0
0.0
0.0
109.0
111.0
0.0
109.0
0.0
0.0
0.0
0.0
1.0
0.0
1.0
3.0
3.0
0.0
0.0
0.0
117.0
0.0
3.0
25.0
0.0
0.0
0.0
0.0
0.0
0.0
0.0
116.0
0.0
0.0
1000.0
0.0
0.0
21.0
882.0
0.0
3.0
5.0
0.0
19.0
113.0
92.0
411.0
0.0
1.0
0.0
2.0
0.0
0.0
351.0
2.0
0.0
4.0
0.0
0.0
21.0
0.0
9.0
0.0
0.0
0.0
0.0
0.0
0.0
0.0
0.0
0.0
1.0
0.0
0.0
0.0
0.0
0.0
0.0
3.0
0.0
105.0
0.0
0.0
28.0
0.0
0.0
0.0
0.0
654.0
0.0
0.0
0.0
0.0
0.0
134.0
0.0
95.0
18.0
114.0
206.0
2.0
0.0
476.0
0.0
0.0
0.0
101.0
0.0
13.0
1.0
0.0
0.0
102.0
102.0
376.0
5.0
4.0
7.0
0.0
9.0
0.0
2.0
1000.0
0.0
2.0
90.0
0.0
14.0
2.0
0.0
500.0
0.0
0.0
0.0
412.0
0.0
0.0
0.0
3.0
16.0
0.0
95.0
0.0
85.0
0.0
5.0
0.0
2.0
0.0
0.0
0.0
0.0
1000.0
0.0
0.0
12.0
3.0
0.0
0.0
0.0
2.0
0.0
0.0
101.0
0.0
0.0
0.0
0.0
0.0
0.0
97.0
0.0
0.0
0.0
0.0
0.0
107.0
1.0
92.0
0.0
0.0
0.0
0.0
0.0
0.0
0.0
0.0
1.0
3.0
0.0
0.0
0.0
0.0
95.0
0.0
95.0
4.0
0.0
0.0
220.0
92.0
0.0
113.0
0.0
108.0
0.0
0.0
0.0
0.0
125.0
1.0
0.0
78.0
0.0
0.0
0.0
103.0
0.0
2.0
0.0
0.0
84.0
0.0
2.0
4.0
0.0
0.0
2.0
1.0
0.0
0.0
0.0
0.0
0.0
0.0
106.0
0.0
0.0
0.0
3.0
0.0
18.0
0.0
0.0
0.0
0.0
1.0
0.0
0.0
1.0
0.0
20.0
0.0
1.0
0.0
0.0
0.0
4.0
34.0
0.0
0.0
0.0
0.0
2.0
0.0
1.0
0.0
0.0
0.0
103.0
0.0
2.0
1.0
18.0
0.0
0.0
1.0
0.0
3.0
0.0
0.0
0.0
0.0
2.0
18.0
5.0
97.0
0.0
1.0
0.0
0.0
0.0
0.0
1.0
0.0
0.0
0.0
5.0
0.0
93.0
24.0
5.0
24.0
108.0
2.0
0.0
0.0
0.0
0.0
0.0
0.0
98.0
197.0
0.0
2.0
0.0
0.0
113.0
0.0
0.0
1.0
0.0
0.0
0.0
0.0
0.0
0.0
5.0
113.0
11.0
1.0
0.0
0.0
4.0
105.0
103.0
0.0
3.0
0.0
1000.0
0.0
48.0
0.0
224.0
0.0
1.0
13.0
0.0
0.0
0.0
99.0
0.0
0.0
0.0
0.0
2.0
0.0
0.0
95.0
0.0
0.0
90.0
0.0
0.0
0.0
2.0
11.0
2.0
0.0
0.0
0.0
114.0
0.0
0.0
10.0
0.0
0.0
0.0
0.0
0.0
2.0
0.0
56.0
0.0
0.0
2.0
19.0
0.0
0.0
105.0
3.0
1000.0
0.0
0.0
0.0
2.0
0.0
0.0
0.0
7.0
46.0
11.0
0.0
886.0
0.0
0.0
0.0
4.0
0.0
0.0
111.0
97.0
0.0
95.0
0.0
0.0
0.0
0.0
0.0
2.0
0.0
0.0
1.0
0.0
0.0
0.0
2.0
1.0
0.0
0.0
0.0
0.0
3.0
0.0
0.0
27.0
0.0
0.0
0.0
0.0
0.0
95.0
0.0
2.0
12.0
0.0
1.0
0.0
13.0
0.0
0.0
0.0
0.0
0.0
0.0
1.0
1.0
0.0
0.0
0.0
0.0
113.0
0.0
84.0
0.0
13.0
0.0
0.0
105.0
104.0
16.0
0.0
0.0
3.0
3.0
5.0
1.0
0.0
23.0
0.0
0.0
107.0
14.0
0.0
0.0
0.0
0.0
0.0
0.0
3.0
104.0
0.0
0.0
0.0
0.0
0.0
99.0
0.0
99.0
2.0
0.0
0.0
0.0
0.0
0.0
0.0
2.0
0.0
0.0
0.0
0.0
0.0
3.0
0.0
0.0
2.0
0.0
1.0
88.0
5.0
2.0
0.0
0.0
0.0
0.0
3.0
0.0
1.0
5.0
0.0
0.0
0.0
0.0
5.0
0.0
3.0
1.0
4.0
0.0
0.0
0.0
0.0
0.0
504.0
9.0
0.0
20.0
0.0
0.0
0.0
101.0
0.0
0.0
42.0
2.0
97.0
0.0
0.0
1.0
0.0
6.0
0.0
0.0
0.0
0.0
1.0
2.0
5.0
14.0
14.0
0.0
0.0
0.0
0.0
0.0
1.0
97.0
94.0
0.0
0.0
0.0
0.0
0.0
0.0
0.0
0.0
0.0
4.0
1.0
0.0
0.0
0.0
0.0
0.0
2.0
19.0
0.0
0.0
15.0
93.0
0.0
2.0
101.0
0.0
4.0
118.0
418.0
0.0
0.0
0.0
0.0
96.0
1.0
0.0
15.0
0.0
91.0
0.0
10.0
0.0
0.0
0.0
0.0
0.0
1.0
0.0
0.0
88.0
0.0
0.0
109.0
103.0
0.0
95.0
97.0
1.0
0.0
0.0
0.0
4.0
0.0
0.0
0.0
2.0
0.0
0.0
0.0
0.0
0.0
106.0
0.0
0.0
2.0
0.0
91.0
125.0
105.0
110.0
0.0
0.0
0.0
0.0
0.0
0.0
0.0
0.0
0.0
0.0
0.0
0.0
0.0
1.0
0.0
0.0
0.0
0.0
0.0
0.0
0.0
109.0
0.0
0.0
0.0
0.0
0.0
0.0
0.0
0.0
0.0
0.0
43.0
0.0
0.0
0.0
0.0
8.0
0.0
0.0
0.0
0.0
42.0
0.0
0.0
0.0
0.0
628.0
0.0
0.0
0.0
0.0
0.0
0.0
0.0
0.0
0.0
0.0
0.0
45.0
0.0
0.0
103.0
0.0
107.0
18.0
33.0
0.0
106.0
112.0
0.0
0.0
0.0
4.0
0.0
0.0
0.0
0.0
94.0
0.0
3.0
0.0
421.0
15.0
3.0
0.0
0.0
79.0
0.0
7.0
0.0
6.0
0.0
0.0
11.0
0.0
0.0
193.0
0.0
115.0
0.0
0.0
0.0
386.0
1.0
0.0
1.0
0.0
0.0
0.0
103.0
19.0
39.0
0.0
0.0
95.0
0.0
0.0
0.0
2.0
0.0
16.0
0.0
0.0
0.0
97.0
2.0
0.0
0.0
3.0
0.0
86.0
0.0
3.0
0.0
0.0
0.0
0.0
0.0
0.0
115.0
0.0
4.0
0.0
0.0
0.0
114.0
0.0
0.0
18.0
0.0
0.0
0.0
0.0
0.0
0.0
18.0
0.0
0.0
0.0
0.0
12.0
0.0
0.0
92.0
99.0
3.0
0.0
108.0
0.0
0.0
0.0
0.0
0.0
0.0
18.0
0.0
2.0
0.0
0.0
0.0
0.0
5.0
88.0
32.0
0.0
0.0
4.0
0.0
0.0
20.0
201.0
651.0
1.0
22.0
0.0
53.0
15.0
0.0
0.0
0.0
112.0
0.0
0.0
0.0
1.0
0.0
3.0
0.0
0.0
0.0
14.0
119.0
496.0
0.0
0.0
0.0
0.0
0.0
2.0
0.0
0.0
0.0
0.0
0.0
0.0
14.0
0.0
63.0
0.0
22.0
100.0
3.0
100.0
7.0
0.0
19.0
0.0
0.0
1.0
0.0
1.0
114.0
0.0
0.0
0.0
3.0
997.0
0.0
2.0
102.0
0.0
12.0
13.0
885.0
2.0
0.0
0.0
0.0
0.0
0.0
0.0
0.0
0.0
0.0
2.0
0.0
0.0
0.0
0.0
1.0
9.0
104.0
0.0
13.0
0.0
6.0
0.0
0.0
0.0
0.0
28.0
91.0
2.0
101.0
0.0
99.0
101.0
0.0
18.0
0.0
4.0
11.0
6.0
1.0
0.0
0.0
13.0
0.0
0.0
1.0
15.0
0.0
0.0
0.0
0.0
5.0
0.0
0.0
11.0
2.0
0.0
0.0
2.0
1.0
0.0
0.0
0.0
0.0
0.0
0.0
0.0
1.0
101.0
0.0
0.0
0.0
587.0
0.0
2.0
104.0
0.0
0.0
0.0
96.0
109.0
107.0
0.0
111.0
0.0
4.0
17.0
2.0
3.0
15.0
46.0
0.0
3.0
0.0
0.0
948.0
99.0
0.0
110.0
0.0
10.0
0.0
0.0
8.0
0.0
1.0
81.0
129.0
1.0
0.0
371.0
0.0
0.0
2.0
0.0
1.0
3.0
1.0
24.0
15.0
95.0
0.0
1.0
0.0
1.0
0.0
0.0
0.0
4.0
0.0
102.0
3.0
184.0
0.0
1.0
4.0
0.0
0.0
0.0
17.0
0.0
1.0
0.0
0.0
0.0
0.0
0.0
1.0
510.0
12.0
15.0
0.0
4.0
874.0
0.0
0.0
0.0
3.0
7.0
0.0
2.0
0.0
114.0
0.0
0.0
21.0
0.0
699.0
0.0
1.0
0.0
0.0
108.0
0.0
0.0
6.0
8.0
0.0
8.0
14.0
59.0
104.0
0.0
0.0
87.0
0.0
0.0
0.0
3.0
2.0
92.0
0.0
0.0
106.0
1.0
95.0
1.0
0.0
0.0
0.0
3.0
0.0
0.0
0.0
0.0
6.0
0.0
0.0
0.0
0.0
1.0
13.0
0.0
3.0
94.0
7.0
1.0
0.0
88.0
99.0
1000.0
1.0
0.0
1.0
1.0
0.0
7.0
0.0
0.0
1.0
0.0
3.0
93.0
1.0
0.0
0.0
225.0
0.0
0.0
81.0
0.0
0.0
1000.0
0.0
0.0
13.0
121.0
0.0
0.0
0.0
106.0
0.0
96.0
0.0
9.0
3.0
0.0
0.0
5.0
0.0
0.0
0.0
0.0
3.0
1.0
0.0
0.0
128.0
0.0
0.0
0.0
0.0
0.0
0.0
0.0
0.0
0.0
699.0
2.0
4.0
103.0
0.0
404.0
5.0
143.0
0.0
0.0
108.0
0.0
2.0
0.0
0.0
0.0
0.0
0.0
528.0
94.0
0.0
0.0
3.0
98.0
0.0
8.0
0.0
0.0
30.0
1.0
0.0
0.0
0.0
103.0
27.0
27.0
0.0
17.0
0.0
0.0
0.0
0.0
0.0
0.0
97.0
0.0
0.0
0.0
0.0
0.0
2.0
0.0
3.0
3.0
3.0
0.0
0.0
0.0
1000.0
0.0
100.0
0.0
0.0
0.0
0.0
0.0
0.0
0.0
0.0
0.0
0.0
0.0
1000.0
26.0
2.0
9.0
0.0
102.0
0.0
215.0
23.0
0.0
3.0
0.0
0.0
7.0
0.0
115.0
0.0
0.0
0.0
0.0
0.0
0.0
26.0
0.0
0.0
0.0
0.0
14.0
5.0
5.0
0.0
2.0
0.0
0.0
0.0
0.0
0.0
0.0
0.0
0.0
0.0
0.0
1.0
69.0
29.0
0.0
0.0
0.0
0.0
0.0
99.0
20.0
3.0
0.0
2.0
396.0
0.0
0.0
0.0
0.0
979.0
0.0
0.0
97.0
0.0
83.0
0.0
101.0
0.0
0.0
0.0
0.0
2.0
0.0
0.0
0.0
527.0
0.0
0.0
99.0
999.0
0.0
0.0
0.0
3.0
35.0
2.0
12.0
0.0
0.0
0.0
3.0
0.0
0.0
24.0
100.0
0.0
88.0
0.0
0.0
3.0
0.0
89.0
0.0
137.0
94.0
104.0
0.0
104.0
0.0
1.0
0.0
0.0
0.0
0.0
2.0
0.0
0.0
3.0
2.0
0.0
95.0
0.0
4.0
0.0
11.0
0.0
0.0
0.0
94.0
0.0
0.0
0.0
0.0
104.0
429.0
0.0
0.0
0.0
15.0
109.0
1.0
0.0
404.0
0.0
84.0
1.0
17.0
218.0
0.0
0.0
0.0
0.0
19.0
2.0
5.0
0.0
12.0
1.0
3.0
1.0
89.0
0.0
0.0
15.0
0.0
0.0
0.0
0.0
0.0
11.0
0.0
96.0
0.0
0.0
1.0
0.0
0.0
6.0
1000.0
0.0
0.0
1.0
0.0
0.0
0.0
351.0
274.0
44.0
0.0
103.0
4.0
0.0
2.0
0.0
0.0
16.0
0.0
0.0
0.0
6.0
1000.0
0.0
100.0
0.0
0.0
12.0
2.0
5.0
0.0
22.0
0.0
20.0
0.0
111.0
0.0
0.0
0.0
1.0
0.0
1000.0
1.0
0.0
0.0
5.0
0.0
54.0
105.0
46.0
90.0
17.0
1.0
0.0
19.0
15.0
0.0
1.0
0.0
0.0
0.0
0.0
0.0
0.0
38.0
0.0
2.0
2.0
0.0
107.0
0.0
80.0
0.0
0.0
93.0
0.0
0.0
1.0
2.0
0.0
3.0
0.0
1.0
99.0
0.0
0.0
0.0
0.0
81.0
0.0
0.0
0.0
0.0
2.0
0.0
0.0
4.0
93.0
0.0
0.0
0.0
0.0
58.0
0.0
6.0
2.0
2.0
14.0
13.0
4.0
0.0
105.0
0.0
19.0
3.0
0.0
0.0
0.0
0.0
3.0
1.0
0.0
0.0
0.0
100.0
0.0
18.0
492.0
1.0
29.0
1.0
0.0
0.0
104.0
0.0
1.0
21.0
0.0
0.0
67.0
83.0
116.0
2.0
0.0
1.0
0.0
1.0
13.0
1.0
104.0
6.0
101.0
97.0
112.0
3.0
0.0
93.0
0.0
0.0
103.0
0.0
24.0
511.0
90.0
3.0
106.0
0.0
0.0
0.0
0.0
1.0
1.0
17.0
106.0
0.0
135.0
17.0
0.0
0.0
29.0
0.0
110.0
3.0
0.0
11.0
0.0
98.0
0.0
14.0
0.0
0.0
4.0
0.0
0.0
0.0
0.0
0.0
0.0
0.0
0.0
4.0
86.0
5.0
100.0
0.0
106.0
126.0
0.0
105.0
0.0
0.0
0.0
0.0
107.0
200.0
0.0
0.0
18.0
0.0
91.0
0.0
11.0
0.0
0.0
89.0
0.0
3.0
0.0
2.0
2.0
0.0
0.0
2.0
101.0
0.0
2.0
5.0
42.0
5.0
96.0
0.0
98.0
610.0
0.0
0.0
0.0
421.0
267.0
0.0
0.0
12.0
8.0
0.0
4.0
0.0
108.0
1.0
0.0
1.0
0.0
1.0
4.0
2.0
100.0
675.0
0.0
96.0
0.0
90.0
0.0
0.0
16.0
0.0
0.0
355.0
0.0
21.0
2.0
4.0
6.0
0.0
14.0
14.0
0.0
12.0
103.0
0.0
96.0
646.0
2.0
549.0
0.0
2.0
115.0
103.0
19.0
14.0
2.0
0.0
2.0
947.0
0.0
0.0
101.0
96.0
0.0
0.0
114.0
0.0
513.0
1.0
0.0
0.0
100.0
100.0
0.0
0.0
9.0
95.0
0.0
0.0
1.0
0.0
109.0
0.0
18.0
0.0
107.0
0.0
0.0
0.0
105.0
17.0
23.0
54.0
37.0
2.0
3.0
479.0
99.0
79.0
0.0
98.0
0.0
0.0
0.0
49.0
0.0
92.0
0.0
0.0
0.0
100.0
0.0
0.0
96.0
18.0
1.0
0.0
0.0
6.0
0.0
11.0
0.0
0.0
124.0
127.0
1.0
945.0
1000.0
3.0
0.0
3.0
0.0
1.0
0.0
0.0
131.0
0.0
0.0
0.0
12.0
0.0
102.0
1000.0
0.0
96.0
1.0
861.0
104.0
17.0
998.0
0.0
0.0
0.0
3.0
0.0
0.0
16.0
0.0
0.0
0.0
39.0
89.0
102.0
0.0
349.0
21.0
0.0
2.0
1.0
0.0
105.0
104.0
404.0
3.0
0.0
0.0
0.0
108.0
13.0
0.0
13.0
1.0
21.0
0.0
0.0
3.0
2.0
0.0
97.0
94.0
0.0
0.0
0.0
24.0
0.0
1.0
102.0
2.0
0.0
92.0
0.0
21.0
0.0
92.0
1.0
0.0
3.0
108.0
2.0
3.0
0.0
118.0
0.0
27.0
102.0
14.0
1.0
0.0
101.0
94.0
0.0
0.0
0.0
97.0
3.0
95.0
2.0
1.0
2.0
618.0
18.0
112.0
91.0
104.0
0.0
102.0
95.0
0.0
1.0
0.0
0.0
0.0
4.0
0.0
53.0
1.0
1.0
1.0
833.0
0.0
0.0
0.0
0.0
153.0
0.0
0.0
4.0
0.0
11.0
2.0
0.0
22.0
0.0
114.0
105.0
1.0
47.0
84.0
0.0
3.0
0.0
0.0
114.0
0.0
105.0
109.0
0.0
3.0
1.0
107.0
98.0
109.0
102.0
1000.0
377.0
2.0
1.0
107.0
1.0
16.0
93.0
3.0
92.0
0.0
95.0
2.0
4.0
0.0
128.0
117.0
0.0
21.0
112.0
0.0
16.0
3.0
810.0
20.0
14.0
100.0
0.0
1.0
0.0
3.0
21.0
11.0
127.0
2.0
998.0
2.0
21.0
2.0
12.0
92.0
12.0
98.0
18.0
94.0
104.0
3.0
110.0
0.0
0.0
98.0
138.0
2.0
147.0
60.0
0.0
472.0
15.0
0.0
0.0
1.0
32.0
3.0
0.0
1.0
120.0
103.0
514.0
2.0
1.0
906.0
112.0
8.0
999.0
98.0
90.0
454.0
110.0
0.0
914.0
86.0
97.0
0.0
0.0
1.0
0.0
107.0
942.0
0.0
815.0
14.0
230.0
1.0
16.0
83.0
115.0
110.0
98.0
116.0
101.0
102.0
96.0
96.0
16.0
100.0
18.0
67.0
108.0
92.0
106.0
104.0
100.0
84.0
24.0
93.0
103.0
111.0
81.0
104.0
104.0
93.0
92.0
94.0
0.0
10.0
0.0
1000.0
0.0
0.0
0.0
6.0
0.0
0.0
0.0
0.0
2.0
2.0
0.0
0.0
0.0
3.0
0.0
7.0
19.0
0.0
0.0
0.0
0.0
0.0
2.0
0.0
5.0
0.0
0.0
0.0
3.0
37.0
0.0
1000.0
0.0
0.0
7.0
61.0
0.0
0.0
69.0
1000.0
0.0
4.0
0.0
198.0
0.0
9.0
1.0
0.0
5.0
0.0
6.0
52.0
53.0
6.0
0.0
0.0
0.0
73.0
0.0
7.0
0.0
0.0
7.0
0.0
1.0
0.0
0.0
54.0
3.0
0.0
0.0
64.0
0.0
0.0
10.0
0.0
0.0
0.0
6.0
13.0
0.0
66.0
0.0
0.0
48.0
5.0
10.0
3.0
7.0
0.0
0.0
0.0
0.0
6.0
0.0
0.0
483.0
0.0
0.0
0.0
0.0
0.0
0.0
59.0
10.0
1000.0
0.0
0.0
0.0
0.0
41.0
0.0
0.0
0.0
0.0
0.0
8.0
0.0
3.0
0.0
0.0
41.0
0.0
0.0
1.0
0.0
59.0
0.0
6.0
0.0
0.0
0.0
0.0
0.0
2.0
4.0
5.0
57.0
0.0
0.0
0.0
0.0
0.0
4.0
3.0
0.0
0.0
0.0
0.0
57.0
41.0
0.0
0.0
0.0
0.0
0.0
0.0
0.0
0.0
0.0
3.0
15.0
600.0
0.0
0.0
2.0
0.0
58.0
3.0
0.0
0.0
6.0
4.0
320.0
0.0
0.0
0.0
0.0
4.0
0.0
965.0
0.0
0.0
1.0
0.0
0.0
0.0
0.0
0.0
0.0
0.0
58.0
0.0
0.0
0.0
0.0
8.0
7.0
0.0
55.0
1000.0
49.0
0.0
1.0
0.0
0.0
0.0
0.0
0.0
0.0
6.0
0.0
0.0
0.0
2.0
62.0
0.0
0.0
0.0
0.0
0.0
0.0
10.0
0.0
0.0
0.0
0.0
5.0
56.0
0.0
7.0
0.0
0.0
65.0
0.0
0.0
1.0
0.0
0.0
0.0
0.0
0.0
0.0
0.0
1.0
4.0
0.0
0.0
4.0
0.0
0.0
0.0
0.0
0.0
6.0
0.0
55.0
0.0
0.0
0.0
0.0
0.0
0.0
0.0
7.0
0.0
0.0
0.0
0.0
0.0
0.0
0.0
4.0
0.0
32.0
0.0
24.0
0.0
0.0
0.0
0.0
0.0
0.0
47.0
0.0
0.0
6.0
0.0
0.0
0.0
0.0
890.0
0.0
0.0
0.0
5.0
0.0
0.0
58.0
0.0
1.0
0.0
3.0
0.0
55.0
0.0
1.0
0.0
2.0
0.0
0.0
0.0
0.0
0.0
4.0
0.0
0.0
0.0
0.0
0.0
0.0
2.0
0.0
235.0
1.0
0.0
0.0
3.0
0.0
58.0
0.0
0.0
0.0
45.0
6.0
0.0
2.0
0.0
0.0
0.0
0.0
2.0
0.0
0.0
0.0
5.0
0.0
0.0
0.0
3.0
0.0
0.0
0.0
0.0
488.0
0.0
0.0
4.0
6.0
9.0
53.0
0.0
0.0
0.0
0.0
1.0
1.0
0.0
0.0
0.0
3.0
8.0
0.0
46.0
0.0
0.0
0.0
0.0
9.0
47.0
0.0
0.0
0.0
0.0
0.0
0.0
6.0
0.0
0.0
54.0
0.0
0.0
0.0
0.0
948.0
0.0
0.0
0.0
0.0
0.0
0.0
0.0
57.0
5.0
2.0
0.0
1.0
0.0
58.0
0.0
0.0
0.0
0.0
68.0
0.0
0.0
0.0
26.0
0.0
0.0
0.0
0.0
50.0
0.0
0.0
0.0
0.0
0.0
0.0
0.0
0.0
0.0
99.0
255.0
0.0
0.0
0.0
0.0
0.0
3.0
60.0
0.0
91.0
0.0
0.0
3.0
11.0
57.0
0.0
5.0
0.0
0.0
0.0
54.0
0.0
0.0
5.0
0.0
0.0
3.0
1.0
0.0
51.0
0.0
1.0
53.0
0.0
0.0
0.0
3.0
1.0
1000.0
0.0
0.0
51.0
0.0
1.0
0.0
0.0
2.0
6.0
0.0
0.0
0.0
1.0
12.0
12.0
2.0
0.0
0.0
60.0
0.0
0.0
0.0
54.0
0.0
0.0
0.0
8.0
0.0
0.0
18.0
5.0
0.0
0.0
0.0
416.0
0.0
0.0
0.0
3.0
0.0
0.0
0.0
0.0
0.0
11.0
1.0
0.0
0.0
10.0
49.0
0.0
0.0
2.0
0.0
1000.0
0.0
6.0
0.0
8.0
0.0
1.0
0.0
0.0
0.0
0.0
0.0
43.0
0.0
0.0
5.0
7.0
0.0
2.0
0.0
62.0
49.0
12.0
0.0
0.0
0.0
8.0
0.0
0.0
0.0
48.0
0.0
0.0
0.0
855.0
0.0
0.0
0.0
11.0
3.0
0.0
2.0
0.0
0.0
0.0
0.0
0.0
61.0
0.0
0.0
0.0
0.0
0.0
5.0
21.0
0.0
0.0
61.0
0.0
2.0
55.0
0.0
4.0
3.0
0.0
0.0
10.0
3.0
81.0
0.0
0.0
0.0
49.0
0.0
0.0
6.0
0.0
2.0
0.0
0.0
0.0
66.0
0.0
0.0
4.0
0.0
0.0
0.0
11.0
954.0
0.0
853.0
0.0
0.0
0.0
0.0
58.0
0.0
0.0
0.0
0.0
0.0
43.0
0.0
80.0
4.0
0.0
4.0
2.0
0.0
0.0
49.0
0.0
2.0
0.0
0.0
55.0
0.0
0.0
0.0
1.0
0.0
6.0
0.0
0.0
0.0
73.0
0.0
0.0
2.0
0.0
0.0
0.0
0.0
13.0
0.0
0.0
0.0
2.0
63.0
0.0
19.0
0.0
0.0
0.0
0.0
5.0
0.0
0.0
0.0
175.0
0.0
0.0
0.0
0.0
60.0
0.0
0.0
0.0
0.0
4.0
0.0
0.0
0.0
0.0
0.0
14.0
0.0
1.0
60.0
3.0
0.0
4.0
858.0
0.0
0.0
51.0
0.0
3.0
5.0
0.0
0.0
0.0
0.0
0.0
3.0
0.0
0.0
8.0
0.0
800.0
0.0
6.0
2.0
0.0
0.0
0.0
0.0
0.0
2.0
0.0
0.0
50.0
0.0
60.0
0.0
5.0
5.0
4.0
1.0
57.0
4.0
0.0
0.0
0.0
0.0
3.0
44.0
7.0
0.0
6.0
0.0
0.0
0.0
0.0
0.0
3.0
0.0
0.0
62.0
47.0
0.0
6.0
51.0
0.0
0.0
0.0
0.0
0.0
0.0
5.0
0.0
59.0
1.0
0.0
96.0
30.0
0.0
0.0
0.0
0.0
4.0
0.0
53.0
0.0
0.0
0.0
0.0
6.0
0.0
0.0
0.0
0.0
0.0
0.0
1.0
0.0
0.0
90.0
2.0
0.0
0.0
0.0
8.0
84.0
0.0
0.0
0.0
67.0
0.0
6.0
51.0
0.0
0.0
0.0
999.0
0.0
60.0
5.0
1000.0
0.0
63.0
7.0
0.0
54.0
0.0
0.0
0.0
45.0
23.0
1.0
0.0
5.0
68.0
0.0
3.0
6.0
0.0
0.0
0.0
0.0
0.0
0.0
3.0
0.0
9.0
8.0
3.0
108.0
0.0
73.0
2.0
0.0
0.0
0.0
0.0
0.0
0.0
0.0
0.0
0.0
999.0
0.0
27.0
0.0
0.0
3.0
0.0
4.0
0.0
0.0
1.0
68.0
0.0
0.0
55.0
0.0
0.0
0.0
0.0
0.0
0.0
0.0
0.0
0.0
0.0
6.0
0.0
0.0
0.0
7.0
0.0
0.0
3.0
0.0
0.0
0.0
0.0
0.0
0.0
0.0
0.0
0.0
0.0
0.0
7.0
10.0
0.0
0.0
7.0
0.0
0.0
0.0
59.0
0.0
0.0
0.0
412.0
56.0
32.0
0.0
0.0
0.0
1000.0
0.0
0.0
0.0
0.0
7.0
0.0
59.0
0.0
0.0
0.0
0.0
0.0
0.0
0.0
6.0
0.0
0.0
0.0
3.0
0.0
0.0
4.0
0.0
0.0
0.0
0.0
0.0
4.0
0.0
0.0
0.0
0.0
0.0
0.0
0.0
0.0
0.0
5.0
4.0
0.0
0.0
0.0
67.0
0.0
0.0
0.0
0.0
0.0
0.0
0.0
50.0
47.0
0.0
0.0
0.0
65.0
0.0
0.0
1.0
54.0
0.0
0.0
0.0
1000.0
0.0
0.0
0.0
5.0
20.0
0.0
0.0
4.0
0.0
0.0
1.0
0.0
0.0
0.0
0.0
47.0
3.0
1000.0
0.0
0.0
0.0
6.0
0.0
3.0
48.0
0.0
939.0
0.0
0.0
57.0
8.0
6.0
0.0
10.0
0.0
0.0
0.0
0.0
50.0
49.0
0.0
97.0
0.0
0.0
129.0
8.0
0.0
0.0
0.0
54.0
5.0
0.0
57.0
0.0
0.0
0.0
19.0
0.0
0.0
0.0
0.0
7.0
0.0
0.0
0.0
0.0
0.0
0.0
0.0
0.0
6.0
0.0
0.0
0.0
0.0
0.0
0.0
0.0
4.0
0.0
0.0
5.0
0.0
54.0
0.0
0.0
0.0
59.0
0.0
0.0
4.0
0.0
0.0
0.0
0.0
0.0
0.0
0.0
0.0
0.0
2.0
0.0
0.0
0.0
0.0
0.0
0.0
0.0
0.0
0.0
1.0
37.0
0.0
2.0
0.0
0.0
0.0
37.0
0.0
1.0
0.0
0.0
11.0
0.0
0.0
0.0
3.0
55.0
46.0
72.0
2.0
4.0
77.0
0.0
0.0
0.0
0.0
0.0
0.0
2.0
0.0
0.0
0.0
0.0
0.0
3.0
6.0
0.0
0.0
0.0
6.0
1000.0
0.0
0.0
0.0
55.0
2.0
0.0
16.0
0.0
1000.0
0.0
32.0
0.0
0.0
0.0
0.0
4.0
0.0
0.0
0.0
0.0
0.0
6.0
0.0
0.0
0.0
0.0
0.0
0.0
1000.0
0.0
0.0
0.0
27.0
0.0
59.0
0.0
0.0
0.0
0.0
0.0
50.0
0.0
0.0
0.0
0.0
0.0
3.0
0.0
0.0
9.0
0.0
0.0
0.0
0.0
0.0
0.0
83.0
0.0
0.0
267.0
111.0
59.0
5.0
0.0
0.0
0.0
0.0
47.0
2.0
0.0
0.0
0.0
51.0
0.0
385.0
94.0
8.0
0.0
0.0
0.0
4.0
67.0
0.0
0.0
0.0
0.0
0.0
0.0
5.0
0.0
0.0
0.0
0.0
0.0
2.0
0.0
2.0
17.0
5.0
0.0
0.0
5.0
684.0
0.0
0.0
0.0
0.0
0.0
0.0
0.0
0.0
0.0
0.0
60.0
3.0
0.0
88.0
0.0
6.0
70.0
61.0
0.0
0.0
6.0
49.0
0.0
0.0
0.0
0.0
0.0
5.0
250.0
0.0
3.0
0.0
63.0
0.0
0.0
1.0
0.0
0.0
63.0
0.0
0.0
0.0
0.0
0.0
0.0
3.0
0.0
0.0
3.0
0.0
0.0
0.0
0.0
61.0
0.0
0.0
1000.0
0.0
0.0
0.0
0.0
0.0
0.0
0.0
0.0
0.0
60.0
0.0
1000.0
29.0
0.0
4.0
0.0
3.0
0.0
0.0
1.0
0.0
0.0
0.0
0.0
0.0
0.0
0.0
0.0
0.0
0.0
0.0
0.0
0.0
0.0
51.0
0.0
4.0
2.0
0.0
0.0
0.0
0.0
0.0
4.0
4.0
0.0
66.0
0.0
0.0
0.0
0.0
0.0
33.0
0.0
0.0
0.0
4.0
1.0
0.0
0.0
9.0
1.0
0.0
0.0
53.0
1.0
0.0
50.0
50.0
2.0
1000.0
434.0
0.0
0.0
0.0
0.0
0.0
0.0
70.0
0.0
0.0
0.0
0.0
0.0
0.0
0.0
2.0
0.0
45.0
93.0
0.0
0.0
0.0
5.0
0.0
0.0
100.0
0.0
49.0
77.0
0.0
0.0
0.0
0.0
0.0
0.0
0.0
0.0
29.0
36.0
0.0
4.0
0.0
58.0
4.0
0.0
55.0
1000.0
1.0
0.0
52.0
47.0
0.0
0.0
0.0
4.0
3.0
0.0
0.0
65.0
43.0
0.0
0.0
9.0
0.0
0.0
51.0
0.0
0.0
0.0
364.0
524.0
0.0
4.0
4.0
0.0
4.0
0.0
61.0
0.0
0.0
1000.0
3.0
0.0
0.0
0.0
0.0
510.0
3.0
0.0
0.0
0.0
0.0
0.0
0.0
29.0
0.0
2.0
0.0
0.0
53.0
0.0
0.0
0.0
0.0
0.0
0.0
0.0
0.0
0.0
0.0
0.0
0.0
0.0
0.0
50.0
0.0
0.0
0.0
0.0
62.0
0.0
224.0
57.0
0.0
0.0
0.0
0.0
0.0
0.0
3.0
0.0
0.0
0.0
0.0
0.0
0.0
0.0
4.0
487.0
1.0
51.0
0.0
0.0
0.0
0.0
0.0
0.0
0.0
27.0
0.0
30.0
0.0
0.0
0.0
0.0
0.0
14.0
1000.0
0.0
0.0
33.0
0.0
61.0
0.0
9.0
13.0
0.0
0.0
0.0
49.0
0.0
0.0
0.0
0.0
1000.0
1000.0
0.0
0.0
64.0
0.0
0.0
0.0
1.0
5.0
0.0
0.0
0.0
0.0
0.0
0.0
47.0
0.0
0.0
0.0
0.0
68.0
52.0
0.0
0.0
0.0
0.0
3.0
72.0
6.0
0.0
0.0
0.0
6.0
0.0
0.0
0.0
0.0
0.0
53.0
0.0
62.0
0.0
4.0
54.0
2.0
0.0
1.0
0.0
0.0
0.0
51.0
0.0
0.0
0.0
0.0
10.0
0.0
0.0
0.0
0.0
0.0
0.0
0.0
0.0
6.0
0.0
0.0
0.0
0.0
0.0
0.0
0.0
0.0
3.0
0.0
0.0
1.0
0.0
5.0
0.0
0.0
57.0
46.0
0.0
0.0
0.0
0.0
4.0
0.0
0.0
0.0
0.0
0.0
0.0
0.0
0.0
2.0
0.0
0.0
0.0
1000.0
0.0
7.0
3.0
0.0
0.0
0.0
24.0
0.0
0.0
0.0
0.0
0.0
0.0
9.0
7.0
0.0
0.0
0.0
0.0
59.0
0.0
0.0
0.0
4.0
5.0
0.0
0.0
0.0
10.0
3.0
0.0
7.0
0.0
20.0
0.0
0.0
5.0
1.0
4.0
0.0
60.0
0.0
0.0
0.0
0.0
0.0
0.0
0.0
0.0
0.0
0.0
0.0
0.0
284.0
4.0
0.0
0.0
0.0
0.0
0.0
0.0
5.0
0.0
0.0
0.0
0.0
68.0
5.0
0.0
0.0
0.0
0.0
0.0
0.0
19.0
8.0
0.0
0.0
59.0
0.0
0.0
0.0
3.0
0.0
5.0
0.0
0.0
0.0
0.0
2.0
0.0
0.0
0.0
56.0
1.0
0.0
0.0
49.0
0.0
0.0
1.0
0.0
0.0
10.0
0.0
0.0
0.0
0.0
0.0
0.0
1.0
0.0
0.0
48.0
290.0
6.0
0.0
0.0
0.0
0.0
0.0
48.0
1.0
0.0
3.0
346.0
0.0
0.0
5.0
0.0
0.0
400.0
7.0
0.0
0.0
0.0
0.0
0.0
0.0
0.0
0.0
0.0
0.0
0.0
0.0
0.0
50.0
0.0
0.0
1000.0
0.0
0.0
0.0
80.0
0.0
0.0
6.0
0.0
0.0
0.0
1.0
0.0
2.0
56.0
0.0
5.0
0.0
0.0
67.0
7.0
50.0
0.0
0.0
628.0
0.0
3.0
52.0
0.0
5.0
0.0
0.0
0.0
0.0
0.0
4.0
0.0
1000.0
0.0
0.0
48.0
0.0
60.0
1000.0
0.0
0.0
0.0
0.0
0.0
61.0
0.0
0.0
0.0
64.0
0.0
0.0
0.0
998.0
70.0
0.0
2.0
49.0
0.0
0.0
0.0
52.0
49.0
77.0
0.0
0.0
0.0
0.0
1.0
0.0
0.0
0.0
0.0
6.0
0.0
6.0
36.0
0.0
8.0
653.0
0.0
4.0
4.0
0.0
0.0
0.0
3.0
5.0
0.0
0.0
3.0
0.0
0.0
0.0
0.0
0.0
0.0
0.0
0.0
0.0
1000.0
0.0
2.0
0.0
0.0
61.0
4.0
1.0
5.0
6.0
0.0
0.0
3.0
0.0
0.0
0.0
45.0
0.0
1.0
0.0
3.0
1.0
0.0
9.0
57.0
0.0
0.0
0.0
0.0
0.0
47.0
0.0
108.0
0.0
0.0
55.0
41.0
0.0
0.0
16.0
0.0
4.0
6.0
0.0
0.0
0.0
3.0
0.0
0.0
0.0
0.0
0.0
0.0
55.0
5.0
1.0
0.0
0.0
0.0
0.0
0.0
0.0
0.0
60.0
0.0
55.0
0.0
0.0
0.0
3.0
0.0
0.0
0.0
0.0
0.0
0.0
0.0
0.0
0.0
0.0
78.0
0.0
1.0
0.0
0.0
0.0
72.0
49.0
0.0
0.0
0.0
0.0
0.0
0.0
0.0
2.0
0.0
5.0
0.0
0.0
0.0
0.0
3.0
0.0
0.0
0.0
8.0
0.0
0.0
0.0
0.0
0.0
0.0
0.0
0.0
58.0
0.0
4.0
62.0
11.0
0.0
0.0
0.0
5.0
0.0
0.0
0.0
863.0
6.0
0.0
51.0
0.0
7.0
0.0
73.0
0.0
2.0
0.0
0.0
0.0
0.0
0.0
0.0
0.0
0.0
0.0
59.0
0.0
11.0
0.0
0.0
0.0
56.0
54.0
1.0
0.0
0.0
2.0
0.0
0.0
0.0
0.0
0.0
0.0
0.0
0.0
0.0
0.0
6.0
0.0
1000.0
0.0
0.0
0.0
1000.0
0.0
63.0
0.0
0.0
0.0
3.0
47.0
0.0
0.0
0.0
0.0
518.0
0.0
0.0
0.0
0.0
0.0
59.0
0.0
0.0
0.0
0.0
0.0
0.0
0.0
0.0
0.0
0.0
0.0
0.0
0.0
0.0
1000.0
0.0
0.0
0.0
0.0
5.0
4.0
3.0
1000.0
7.0
1.0
1.0
7.0
0.0
0.0
0.0
4.0
0.0
0.0
2.0
0.0
4.0
0.0
0.0
0.0
0.0
0.0
47.0
0.0
3.0
0.0
0.0
0.0
66.0
0.0
0.0
0.0
66.0
0.0
0.0
0.0
0.0
0.0
5.0
0.0
0.0
0.0
0.0
0.0
0.0
3.0
0.0
1000.0
0.0
3.0
106.0
0.0
3.0
8.0
0.0
2.0
3.0
0.0
0.0
8.0
0.0
0.0
5.0
0.0
0.0
1.0
2.0
98.0
2.0
0.0
61.0
417.0
0.0
0.0
0.0
0.0
0.0
0.0
0.0
0.0
0.0
0.0
0.0
0.0
83.0
0.0
1000.0
0.0
0.0
1000.0
0.0
0.0
0.0
50.0
0.0
0.0
0.0
0.0
0.0
0.0
54.0
0.0
0.0
0.0
0.0
0.0
0.0
0.0
0.0
8.0
0.0
0.0
0.0
174.0
0.0
0.0
0.0
0.0
5.0
2.0
50.0
0.0
0.0
0.0
0.0
0.0
0.0
0.0
0.0
0.0
57.0
60.0
0.0
57.0
0.0
0.0
63.0
0.0
0.0
58.0
0.0
47.0
0.0
5.0
1000.0
0.0
0.0
3.0
3.0
0.0
45.0
0.0
54.0
0.0
0.0
0.0
0.0
9.0
0.0
54.0
0.0
8.0
0.0
0.0
0.0
2.0
1.0
0.0
0.0
6.0
0.0
332.0
1.0
0.0
0.0
63.0
0.0
0.0
0.0
0.0
0.0
0.0
66.0
0.0
0.0
0.0
54.0
7.0
0.0
0.0
59.0
0.0
0.0
0.0
0.0
0.0
0.0
6.0
0.0
0.0
1000.0
7.0
0.0
0.0
0.0
0.0
0.0
0.0
1000.0
7.0
60.0
0.0
0.0
7.0
0.0
0.0
0.0
0.0
3.0
5.0
5.0
0.0
59.0
0.0
0.0
6.0
0.0
1.0
3.0
0.0
0.0
60.0
0.0
92.0
0.0
1000.0
1000.0
7.0
0.0
0.0
1.0
0.0
0.0
0.0
0.0
0.0
60.0
1.0
0.0
0.0
55.0
7.0
0.0
0.0
0.0
0.0
0.0
0.0
0.0
0.0
4.0
56.0
0.0
0.0
0.0
0.0
0.0
0.0
6.0
0.0
0.0
0.0
1000.0
0.0
63.0
0.0
0.0
0.0
0.0
0.0
0.0
47.0
0.0
0.0
0.0
0.0
50.0
0.0
0.0
0.0
0.0
0.0
0.0
0.0
0.0
1.0
76.0
0.0
0.0
0.0
0.0
0.0
24.0
0.0
0.0
0.0
0.0
63.0
0.0
0.0
0.0
0.0
0.0
0.0
3.0
0.0
0.0
0.0
0.0
5.0
0.0
0.0
0.0
0.0
0.0
0.0
0.0
0.0
1.0
0.0
0.0
0.0
0.0
0.0
8.0
0.0
0.0
0.0
3.0
5.0
3.0
0.0
0.0
0.0
1.0
0.0
1000.0
0.0
0.0
0.0
0.0
0.0
0.0
60.0
20.0
0.0
0.0
2.0
4.0
77.0
0.0
0.0
0.0
0.0
0.0
0.0
0.0
1000.0
0.0
0.0
0.0
0.0
0.0
0.0
0.0
0.0
0.0
53.0
0.0
0.0
0.0
0.0
0.0
0.0
8.0
0.0
57.0
0.0
0.0
0.0
3.0
0.0
0.0
0.0
5.0
0.0
0.0
0.0
0.0
0.0
0.0
0.0
0.0
0.0
0.0
2.0
0.0
50.0
0.0
0.0
1.0
0.0
0.0
17.0
0.0
0.0
0.0
0.0
0.0
0.0
0.0
0.0
0.0
0.0
1.0
0.0
0.0
0.0
1.0
0.0
1000.0
0.0
2.0
0.0
0.0
67.0
0.0
0.0
0.0
0.0
5.0
45.0
52.0
0.0
0.0
0.0
0.0
0.0
0.0
2.0
0.0
851.0
0.0
0.0
0.0
0.0
52.0
0.0
0.0
0.0
0.0
0.0
0.0
0.0
0.0
0.0
0.0
0.0
3.0
0.0
46.0
0.0
0.0
0.0
0.0
60.0
1000.0
0.0
0.0
0.0
0.0
0.0
1.0
0.0
0.0
3.0
0.0
6.0
0.0
0.0
0.0
0.0
0.0
0.0
0.0
4.0
0.0
0.0
2.0
0.0
0.0
30.0
0.0
0.0
9.0
0.0
1.0
0.0
1.0
0.0
0.0
0.0
0.0
0.0
0.0
7.0
0.0
0.0
0.0
0.0
0.0
0.0
9.0
0.0
0.0
0.0
46.0
0.0
0.0
50.0
0.0
0.0
0.0
1000.0
1.0
0.0
0.0
55.0
8.0
0.0
0.0
3.0
0.0
0.0
0.0
0.0
0.0
0.0
7.0
59.0
0.0
0.0
0.0
61.0
0.0
0.0
0.0
4.0
60.0
1.0
0.0
0.0
0.0
0.0
59.0
53.0
0.0
1.0
6.0
0.0
0.0
0.0
0.0
0.0
2.0
1.0
0.0
4.0
0.0
0.0
55.0
0.0
0.0
64.0
0.0
39.0
3.0
4.0
0.0
0.0
0.0
0.0
0.0
1.0
8.0
0.0
0.0
8.0
0.0
0.0
0.0
0.0
9.0
0.0
0.0
0.0
0.0
48.0
0.0
0.0
60.0
0.0
0.0
0.0
0.0
0.0
0.0
1.0
0.0
60.0
0.0
0.0
0.0
0.0
4.0
5.0
0.0
108.0
0.0
7.0
0.0
0.0
60.0
0.0
0.0
0.0
0.0
0.0
0.0
0.0
2.0
0.0
3.0
6.0
0.0
0.0
0.0
2.0
0.0
0.0
0.0
48.0
53.0
0.0
96.0
0.0
0.0
8.0
0.0
0.0
0.0
0.0
0.0
2.0
1.0
6.0
0.0
0.0
1.0
0.0
0.0
47.0
0.0
0.0
0.0
0.0
49.0
0.0
0.0
0.0
1.0
0.0
0.0
0.0
0.0
78.0
65.0
0.0
62.0
0.0
0.0
0.0
0.0
0.0
1.0
0.0
1.0
13.0
0.0
0.0
10.0
64.0
0.0
0.0
5.0
0.0
0.0
0.0
0.0
0.0
0.0
0.0
53.0
1.0
0.0
0.0
0.0
0.0
6.0
0.0
0.0
5.0
7.0
4.0
6.0
53.0
59.0
99.0
0.0
3.0
0.0
5.0
0.0
0.0
2.0
7.0
0.0
8.0
0.0
0.0
9.0
0.0
16.0
0.0
0.0
0.0
0.0
0.0
0.0
0.0
0.0
0.0
0.0
0.0
0.0
0.0
0.0
0.0
0.0
0.0
0.0
52.0
0.0
0.0
271.0
3.0
1.0
0.0
0.0
0.0
0.0
0.0
0.0
0.0
0.0
97.0
0.0
49.0
18.0
53.0
17.0
8.0
0.0
0.0
0.0
830.0
0.0
52.0
0.0
5.0
0.0
0.0
0.0
57.0
61.0
10.0
0.0
3.0
0.0
0.0
0.0
0.0
2.0
0.0
1.0
1.0
65.0
0.0
10.0
2.0
0.0
27.0
0.0
0.0
0.0
92.0
0.0
0.0
0.0
7.0
5.0
0.0
50.0
1.0
72.0
0.0
5.0
1.0
2.0
0.0
5.0
0.0
5.0
0.0
0.0
0.0
1.0
3.0
0.0
0.0
0.0
1.0
0.0
0.0
54.0
0.0
0.0
0.0
0.0
0.0
0.0
53.0
0.0
0.0
0.0
0.0
0.0
59.0
1.0
45.0
0.0
0.0
0.0
0.0
0.0
0.0
0.0
0.0
0.0
0.0
0.0
0.0
0.0
0.0
61.0
0.0
53.0
11.0
0.0
503.0
27.0
50.0
0.0
58.0
0.0
59.0
0.0
0.0
0.0
0.0
0.0
0.0
0.0
56.0
0.0
0.0
0.0
50.0
0.0
0.0
0.0
0.0
71.0
0.0
6.0
8.0
0.0
0.0
1.0
9.0
0.0
0.0
0.0
0.0
0.0
0.0
51.0
0.0
0.0
0.0
4.0
0.0
2.0
0.0
0.0
0.0
0.0
1.0
0.0
0.0
0.0
0.0
4.0
1.0
0.0
0.0
0.0
0.0
0.0
33.0
0.0
3.0
0.0
0.0
7.0
0.0
4.0
0.0
0.0
0.0
55.0
0.0
6.0
0.0
6.0
0.0
0.0
2.0
2.0
4.0
0.0
0.0
0.0
0.0
3.0
4.0
0.0
53.0
0.0
0.0
0.0
0.0
0.0
0.0
0.0
0.0
0.0
0.0
0.0
0.0
56.0
0.0
3.0
7.0
54.0
3.0
0.0
0.0
0.0
0.0
0.0
0.0
61.0
45.0
0.0
4.0
0.0
0.0
93.0
1000.0
0.0
5.0
0.0
0.0
0.0
0.0
0.0
1.0
0.0
49.0
6.0
5.0
0.0
1.0
2.0
51.0
89.0
0.0
5.0
1.0
0.0
0.0
3.0
0.0
29.0
0.0
7.0
9.0
0.0
0.0
0.0
54.0
0.0
0.0
0.0
0.0
5.0
0.0
0.0
99.0
0.0
0.0
55.0
0.0
0.0
0.0
0.0
3.0
2.0
0.0
0.0
3.0
51.0
0.0
0.0
4.0
0.0
0.0
1000.0
0.0
0.0
2.0
0.0
2.0
0.0
0.0
3.0
7.0
0.0
0.0
57.0
3.0
0.0
0.0
0.0
0.0
6.0
0.0
0.0
0.0
19.0
53.0
5.0
2.0
0.0
0.0
0.0
0.0
305.0
0.0
0.0
65.0
52.0
0.0
62.0
0.0
0.0
0.0
0.0
0.0
5.0
0.0
0.0
2.0
0.0
0.0
0.0
3.0
0.0
0.0
0.0
0.0
241.0
12.0
0.0
0.0
833.0
0.0
0.0
0.0
0.0
0.0
73.0
0.0
7.0
3.0
0.0
0.0
0.0
5.0
0.0
0.0
0.0
0.0
0.0
0.0
0.0
4.0
0.0
0.0
0.0
0.0
51.0
0.0
56.0
0.0
10.0
0.0
0.0
48.0
65.0
5.0
0.0
1.0
2.0
0.0
2.0
0.0
0.0
3.0
1.0
1.0
50.0
7.0
0.0
0.0
4.0
0.0
0.0
0.0
0.0
47.0
1000.0
0.0
0.0
0.0
0.0
56.0
0.0
60.0
4.0
0.0
0.0
0.0
0.0
1000.0
0.0
5.0
1000.0
0.0
0.0
0.0
0.0
1.0
0.0
3.0
4.0
0.0
0.0
54.0
3.0
0.0
0.0
0.0
154.0
0.0
7.0
0.0
0.0
6.0
0.0
0.0
0.0
0.0
5.0
0.0
6.0
3.0
4.0
0.0
0.0
5.0
0.0
0.0
21.0
7.0
0.0
3.0
0.0
0.0
0.0
70.0
0.0
0.0
2.0
6.0
51.0
0.0
0.0
0.0
0.0
4.0
0.0
0.0
32.0
0.0
0.0
0.0
5.0
25.0
2.0
0.0
0.0
0.0
0.0
0.0
3.0
197.0
47.0
0.0
0.0
0.0
0.0
0.0
0.0
0.0
0.0
0.0
7.0
1.0
0.0
0.0
0.0
0.0
0.0
7.0
4.0
0.0
0.0
0.0
60.0
0.0
5.0
54.0
0.0
1.0
52.0
92.0
0.0
0.0
0.0
1.0
47.0
7.0
0.0
5.0
0.0
43.0
0.0
234.0
0.0
0.0
0.0
0.0
0.0
0.0
0.0
0.0
73.0
0.0
0.0
55.0
65.0
0.0
44.0
69.0
8.0
0.0
0.0
0.0
5.0
0.0
0.0
0.0
1.0
0.0
0.0
1.0
0.0
0.0
50.0
0.0
0.0
6.0
0.0
65.0
76.0
60.0
61.0
0.0
1.0
0.0
0.0
0.0
0.0
0.0
0.0
0.0
0.0
0.0
0.0
0.0
0.0
0.0
0.0
0.0
0.0
0.0
0.0
0.0
44.0
0.0
0.0
3.0
0.0
0.0
0.0
1000.0
2.0
0.0
0.0
38.0
0.0
1000.0
0.0
0.0
3.0
0.0
1.0
0.0
0.0
32.0
0.0
0.0
0.0
0.0
16.0
0.0
0.0
1.0
0.0
0.0
0.0
0.0
0.0
0.0
0.0
0.0
41.0
0.0
5.0
59.0
0.0
79.0
4.0
7.0
4.0
63.0
59.0
6.0
0.0
0.0
3.0
0.0
0.0
0.0
0.0
58.0
0.0
3.0
0.0
93.0
37.0
0.0
0.0
0.0
2.0
0.0
6.0
0.0
5.0
0.0
0.0
4.0
0.0
0.0
47.0
0.0
48.0
0.0
0.0
0.0
101.0
1.0
0.0
0.0
0.0
0.0
0.0
45.0
0.0
7.0
0.0
0.0
54.0
0.0
0.0
1.0
3.0
0.0
7.0
0.0
0.0
0.0
59.0
4.0
0.0
0.0
5.0
0.0
45.0
0.0
4.0
0.0
0.0
0.0
0.0
0.0
0.0
95.0
0.0
1.0
0.0
0.0
0.0
48.0
0.0
0.0
8.0
0.0
0.0
0.0
0.0
0.0
0.0
1.0
0.0
0.0
0.0
0.0
9.0
0.0
0.0
54.0
44.0
4.0
0.0
67.0
0.0
0.0
0.0
0.0
0.0
0.0
5.0
0.0
1.0
0.0
0.0
0.0
0.0
6.0
65.0
1.0
0.0
7.0
2.0
0.0
0.0
2.0
26.0
348.0
47.0
8.0
0.0
43.0
4.0
0.0
0.0
0.0
55.0
0.0
0.0
0.0
0.0
0.0
5.0
0.0
4.0
0.0
4.0
57.0
32.0
0.0
0.0
0.0
0.0
0.0
5.0
0.0
0.0
0.0
11.0
0.0
0.0
19.0
1000.0
528.0
1000.0
4.0
61.0
5.0
52.0
4.0
0.0
7.0
0.0
0.0
1.0
0.0
0.0
47.0
0.0
0.0
0.0
5.0
0.0
0.0
0.0
61.0
0.0
10.0
6.0
106.0
0.0
0.0
0.0
0.0
0.0
0.0
4.0
0.0
1.0
1.0
0.0
0.0
0.0
0.0
0.0
9.0
1.0
64.0
0.0
5.0
0.0
9.0
2.0
0.0
0.0
0.0
863.0
45.0
0.0
36.0
0.0
52.0
64.0
0.0
5.0
0.0
1.0
13.0
1.0
0.0
0.0
0.0
2.0
0.0
0.0
1.0
5.0
0.0
0.0
0.0
0.0
7.0
0.0
0.0
7.0
0.0
0.0
0.0
3.0
2.0
0.0
0.0
0.0
0.0
0.0
1.0
1.0
0.0
54.0
0.0
0.0
0.0
22.0
0.0
3.0
58.0
0.0
1000.0
0.0
63.0
55.0
67.0
0.0
69.0
0.0
0.0
0.0
4.0
1.0
5.0
29.0
0.0
5.0
0.0
0.0
1.0
54.0
0.0
63.0
0.0
5.0
0.0
0.0
0.0
10.0
1.0
65.0
113.0
6.0
0.0
18.0
0.0
0.0
2.0
1.0
1.0
3.0
1.0
0.0
8.0
62.0
0.0
0.0
0.0
4.0
0.0
0.0
0.0
1.0
0.0
56.0
3.0
657.0
0.0
0.0
7.0
0.0
0.0
0.0
6.0
0.0
0.0
0.0
0.0
1.0
0.0
0.0
1.0
0.0
8.0
5.0
0.0
9.0
0.0
0.0
0.0
1.0
14.0
5.0
0.0
6.0
0.0
59.0
0.0
0.0
6.0
0.0
116.0
7.0
3.0
0.0
0.0
48.0
0.0
0.0
2.0
2.0
0.0
0.0
859.0
0.0
58.0
0.0
0.0
50.0
0.0
0.0
0.0
1.0
2.0
58.0
0.0
0.0
62.0
1.0
71.0
4.0
0.0
0.0
0.0
0.0
1.0
0.0
0.0
0.0
6.0
0.0
0.0
0.0
0.0
3.0
8.0
4.0
0.0
66.0
2.0
2.0
1.0
54.0
60.0
0.0
1.0
1.0
0.0
2.0
0.0
0.0
0.0
0.0
5.0
0.0
3.0
60.0
0.0
0.0
1000.0
29.0
0.0
52.0
206.0
0.0
1000.0
0.0
0.0
0.0
0.0
54.0
0.0
0.0
1000.0
52.0
0.0
58.0
0.0
9.0
3.0
1.0
1000.0
0.0
0.0
7.0
0.0
0.0
1.0
2.0
0.0
0.0
711.0
0.0
0.0
0.0
0.0
0.0
0.0
0.0
0.0
0.0
34.0
7.0
2.0
63.0
0.0
534.0
2.0
77.0
0.0
0.0
63.0
0.0
5.0
0.0
0.0
0.0
0.0
0.0
401.0
51.0
0.0
0.0
1.0
52.0
0.0
9.0
0.0
0.0
44.0
0.0
0.0
0.0
0.0
51.0
10.0
3.0
1000.0
4.0
0.0
1000.0
0.0
0.0
0.0
0.0
68.0
0.0
0.0
0.0
0.0
0.0
984.0
0.0
5.0
7.0
4.0
0.0
0.0
0.0
0.0
0.0
60.0
0.0
0.0
7.0
0.0
1000.0
0.0
3.0
0.0
2.0
0.0
0.0
0.0
5.0
5.0
6.0
0.0
55.0
0.0
21.0
4.0
0.0
3.0
0.0
0.0
9.0
7.0
50.0
0.0
0.0
0.0
0.0
0.0
0.0
8.0
0.0
0.0
0.0
0.0
8.0
9.0
9.0
0.0
3.0
0.0
0.0
0.0
0.0
0.0
1000.0
0.0
0.0
0.0
1.0
3.0
45.0
9.0
0.0
0.0
0.0
0.0
1.0
49.0
2.0
8.0
0.0
2.0
99.0
0.0
0.0
0.0
0.0
0.0
0.0
0.0
61.0
0.0
58.0
0.0
53.0
0.0
0.0
0.0
0.0
5.0
0.0
0.0
0.0
0.0
0.0
0.0
53.0
0.0
0.0
0.0
0.0
2.0
0.0
0.0
8.0
0.0
0.0
0.0
6.0
0.0
1000.0
396.0
56.0
0.0
55.0
0.0
0.0
5.0
3.0
59.0
0.0
100.0
46.0
56.0
0.0
53.0
0.0
1.0
0.0
0.0
0.0
0.0
5.0
0.0
0.0
5.0
0.0
0.0
66.0
0.0
0.0
0.0
1.0
0.0
0.0
0.0
45.0
0.0
0.0
0.0
0.0
61.0
157.0
44.0
0.0
0.0
4.0
52.0
0.0
0.0
560.0
0.0
61.0
3.0
4.0
21.0
0.0
0.0
0.0
0.0
10.0
6.0
0.0
0.0
30.0
9.0
6.0
0.0
50.0
0.0
0.0
9.0
1.0
0.0
0.0
1.0
1.0
8.0
0.0
62.0
1.0
0.0
0.0
0.0
0.0
1.0
0.0
1000.0
0.0
4.0
0.0
0.0
0.0
628.0
0.0
29.0
0.0
57.0
0.0
0.0
0.0
0.0
0.0
10.0
0.0
0.0
0.0
2.0
0.0
0.0
20.0
0.0
0.0
5.0
6.0
5.0
0.0
15.0
0.0
5.0
0.0
58.0
0.0
0.0
4.0
1.0
0.0
0.0
0.0
0.0
0.0
1.0
0.0
2.0
60.0
1.0
61.0
9.0
5.0
0.0
5.0
854.0
0.0
2.0
0.0
0.0
0.0
0.0
0.0
1.0
42.0
436.0
0.0
7.0
0.0
64.0
0.0
56.0
0.0
0.0
59.0
0.0
0.0
8.0
3.0
0.0
1.0
0.0
4.0
65.0
0.0
7.0
0.0
0.0
43.0
0.0
0.0
0.0
0.0
1.0
0.0
0.0
4.0
55.0
0.0
0.0
0.0
0.0
0.0
0.0
0.0
0.0
6.0
4.0
3.0
4.0
0.0
64.0
1.0
4.0
4.0
0.0
0.0
0.0
0.0
2.0
1.0
0.0
0.0
0.0
62.0
0.0
26.0
0.0
0.0
12.0
0.0
0.0
0.0
56.0
0.0
0.0
2.0
0.0
0.0
8.0
59.0
64.0
6.0
0.0
1.0
0.0
2.0
5.0
9.0
65.0
8.0
68.0
52.0
72.0
0.0
0.0
63.0
0.0
0.0
54.0
0.0
6.0
0.0
54.0
2.0
49.0
0.0
0.0
0.0
0.0
0.0
3.0
4.0
48.0
0.0
82.0
5.0
0.0
3.0
3.0
0.0
50.0
0.0
0.0
7.0
0.0
51.0
0.0
5.0
0.0
0.0
9.0
0.0
0.0
0.0
0.0
0.0
0.0
1.0
0.0
9.0
53.0
1.0
53.0
0.0
53.0
90.0
0.0
44.0
0.0
0.0
0.0
0.0
63.0
31.0
0.0
0.0
8.0
0.0
57.0
0.0
4.0
0.0
0.0
60.0
0.0
1.0
0.0
0.0
4.0
0.0
0.0
3.0
52.0
0.0
0.0
7.0
1.0
7.0
52.0
0.0
57.0
15.0
0.0
0.0
0.0
104.0
4.0
0.0
0.0
7.0
0.0
0.0
4.0
0.0
58.0
5.0
0.0
0.0
0.0
4.0
2.0
3.0
55.0
1.0
0.0
45.0
0.0
59.0
1.0
0.0
26.0
0.0
496.0
0.0
0.0
6.0
5.0
1.0
1.0
0.0
21.0
2.0
0.0
6.0
57.0
0.0
60.0
3.0
1.0
176.0
0.0
1.0
75.0
55.0
1.0
7.0
8.0
0.0
5.0
0.0
0.0
0.0
72.0
59.0
0.0
0.0
47.0
0.0
345.0
2.0
0.0
0.0
62.0
68.0
0.0
0.0
0.0
66.0
0.0
0.0
0.0
0.0
54.0
0.0
2.0
0.0
49.0
2.0
4.0
0.0
59.0
7.0
848.0
9.0
41.0
1.0
1.0
0.0
53.0
5.0
0.0
71.0
0.0
0.0
0.0
0.0
0.0
57.0
0.0
0.0
0.0
60.0
3.0
929.0
50.0
7.0
6.0
0.0
0.0
0.0
0.0
3.0
0.0
6.0
66.0
100.0
0.0
0.0
0.0
4.0
1.0
0.0
0.0
2.0
0.0
0.0
59.0
0.0
0.0
0.0
6.0
0.0
59.0
0.0
0.0
41.0
0.0
0.0
45.0
8.0
0.0
0.0
0.0
0.0
0.0
0.0
0.0
1.0
0.0
0.0
0.0
1.0
57.0
56.0
0.0
15.0
6.0
1.0
3.0
0.0
0.0
47.0
54.0
101.0
6.0
0.0
0.0
0.0
47.0
0.0
0.0
3.0
6.0
8.0
0.0
0.0
11.0
295.0
0.0
45.0
49.0
0.0
0.0
0.0
0.0
0.0
0.0
51.0
5.0
0.0
58.0
0.0
441.0
0.0
56.0
3.0
0.0
6.0
53.0
2.0
6.0
0.0
64.0
0.0
1.0
48.0
10.0
2.0
0.0
72.0
56.0
0.0
2.0
0.0
56.0
7.0
54.0
7.0
0.0
1.0
2.0
4.0
58.0
51.0
64.0
0.0
69.0
52.0
0.0
0.0
0.0
0.0
1000.0
4.0
0.0
34.0
1.0
3.0
9.0
0.0
0.0
0.0
1.0
0.0
64.0
0.0
0.0
3.0
0.0
427.0
2.0
0.0
0.0
0.0
51.0
53.0
3.0
49.0
47.0
0.0
3.0
0.0
0.0
52.0
6.0
81.0
63.0
0.0
1.0
5.0
62.0
59.0
64.0
51.0
0.0
73.0
3.0
0.0
54.0
0.0
21.0
52.0
190.0
48.0
0.0
68.0
1.0
1.0
0.0
77.0
82.0
0.0
9.0
43.0
0.0
3.0
5.0
124.0
7.0
4.0
52.0
0.0
10.0
0.0
0.0
180.0
2.0
95.0
52.0
0.0
1.0
0.0
7.0
20.0
64.0
8.0
55.0
5.0
63.0
57.0
5.0
49.0
7.0
0.0
55.0
53.0
5.0
48.0
8.0
0.0
161.0
2.0
0.0
399.0
0.0
0.0
1.0
0.0
7.0
61.0
100.0
164.0
3.0
3.0
0.0
59.0
10.0
0.0
62.0
61.0
153.0
56.0
0.0
0.0
67.0
52.0
0.0
1.0
4.0
2.0
59.0
0.0
0.0
0.0
26.0
37.0
0.0
6.0
50.0
49.0
77.0
45.0
44.0
56.0
59.0
51.0
63.0
862.0
48.0
3.0
443.0
75.0
54.0
70.0
66.0
58.0
59.0
4.0
81.0
57.0
53.0
73.0
41.0
62.0
57.0
67.0
59.0
