0.0
0.0
0.0
0.0
0.0
0.0
0.0
0.0
0.0
0.0
0.0
53.0
0.0
0.0
224.0
0.0
0.0
1.0
1000.0
0.0
0.0
0.0
0.0
0.0
0.0
0.0
0.0
1.0
1.0
0.0
0.0
85.0
0.0
66.0
1.0
0.0
0.0
0.0
1.0
0.0
1000.0
0.0
0.0
0.0
0.0
15.0
1.0
72.0
0.0
0.0
0.0
0.0
0.0
0.0
0.0
1.0
0.0
0.0
139.0
0.0
0.0
743.0
0.0
1.0
0.0
3.0
1.0
1.0
51.0
76.0
1.0
0.0
1.0
51.0
0.0
0.0
0.0
0.0
0.0
0.0
0.0
5.0
0.0
3.0
0.0
3.0
0.0
0.0
0.0
0.0
55.0
0.0
0.0
0.0
0.0
0.0
1.0
1.0
0.0
0.0
0.0
0.0
1.0
1.0
0.0
0.0
0.0
69.0
0.0
0.0
447.0
0.0
4.0
0.0
0.0
0.0
1.0
0.0
21.0
0.0
0.0
0.0
0.0
0.0
0.0
0.0
0.0
0.0
0.0
0.0
61.0
0.0
53.0
2.0
63.0
0.0
0.0
0.0
0.0
0.0
0.0
0.0
5.0
646.0
1.0
0.0
0.0
0.0
0.0
2.0
0.0
11.0
0.0
0.0
50.0
67.0
2.0
0.0
72.0
1.0
0.0
0.0
0.0
0.0
0.0
106.0
0.0
1.0
0.0
0.0
0.0
0.0
0.0
0.0
57.0
1.0
0.0
0.0
1.0
1.0
0.0
0.0
187.0
0.0
0.0
0.0
108.0
0.0
6.0
0.0
0.0
0.0
0.0
56.0
0.0
0.0
0.0
0.0
0.0
0.0
377.0
0.0
0.0
0.0
57.0
0.0
0.0
0.0
0.0
0.0
0.0
0.0
0.0
0.0
0.0
0.0
0.0
0.0
2.0
5.0
0.0
0.0
5.0
0.0
0.0
969.0
0.0
0.0
0.0
0.0
0.0
0.0
0.0
47.0
0.0
0.0
0.0
1.0
0.0
0.0
0.0
0.0
0.0
50.0
0.0
0.0
0.0
0.0
80.0
0.0
1.0
0.0
33.0
0.0
0.0
0.0
0.0
27.0
0.0
0.0
0.0
0.0
0.0
0.0
0.0
0.0
0.0
0.0
1.0
0.0
0.0
0.0
43.0
0.0
78.0
0.0
0.0
4.0
65.0
77.0
0.0
0.0
0.0
0.0
0.0
8.0
0.0
0.0
0.0
0.0
0.0
5.0
0.0
0.0
0.0
0.0
0.0
0.0
66.0
0.0
10.0
0.0
0.0
0.0
1.0
2.0
3.0
0.0
7.0
0.0
60.0
2.0
0.0
61.0
19.0
0.0
0.0
771.0
0.0
0.0
0.0
1.0
0.0
0.0
0.0
0.0
0.0
0.0
21.0
0.0
0.0
64.0
0.0
1.0
0.0
3.0
0.0
2.0
0.0
0.0
0.0
0.0
55.0
0.0
87.0
0.0
0.0
0.0
51.0
0.0
5.0
0.0
0.0
0.0
0.0
0.0
2.0
0.0
0.0
0.0
0.0
0.0
0.0
0.0
0.0
0.0
0.0
0.0
0.0
0.0
0.0
0.0
0.0
0.0
0.0
0.0
0.0
0.0
2.0
55.0
0.0
0.0
0.0
0.0
0.0
0.0
0.0
0.0
0.0
0.0
0.0
0.0
1.0
0.0
0.0
0.0
3.0
0.0
0.0
510.0
0.0
5.0
0.0
0.0
367.0
0.0
7.0
61.0
1.0
69.0
0.0
3.0
2.0
0.0
159.0
0.0
0.0
0.0
1.0
0.0
1.0
49.0
1.0
0.0
0.0
0.0
0.0
0.0
101.0
41.0
1.0
0.0
0.0
61.0
0.0
9.0
8.0
0.0
0.0
6.0
1.0
0.0
0.0
0.0
0.0
0.0
0.0
0.0
0.0
0.0
0.0
15.0
0.0
79.0
1.0
0.0
0.0
0.0
0.0
0.0
48.0
0.0
46.0
57.0
0.0
0.0
102.0
0.0
2.0
0.0
0.0
0.0
0.0
0.0
0.0
0.0
51.0
0.0
0.0
3.0
0.0
57.0
0.0
0.0
1.0
19.0
6.0
0.0
0.0
0.0
0.0
62.0
2.0
1.0
53.0
0.0
0.0
0.0
0.0
0.0
0.0
0.0
0.0
7.0
0.0
0.0
0.0
0.0
1.0
0.0
0.0
0.0
0.0
0.0
0.0
7.0
0.0
0.0
57.0
60.0
43.0
0.0
0.0
50.0
0.0
53.0
0.0
0.0
0.0
0.0
0.0
67.0
0.0
0.0
59.0
0.0
4.0
55.0
57.0
49.0
7.0
55.0
0.0
56.0
0.0
0.0
1000.0
56.0
1.0
5.0
0.0
48.0
0.0
0.0
2.0
54.0
0.0
0.0
61.0
0.0
0.0
0.0
64.0
0.0
0.0
0.0
0.0
63.0
1.0
0.0
0.0
78.0
0.0
2.0
0.0
0.0
0.0
0.0
0.0
0.0
46.0
0.0
61.0
57.0
0.0
60.0
0.0
0.0
0.0
38.0
0.0
0.0
0.0
0.0
68.0
0.0
0.0
0.0
0.0
0.0
63.0
62.0
0.0
0.0
0.0
53.0
63.0
0.0
0.0
0.0
0.0
0.0
0.0
1000.0
52.0
56.0
59.0
0.0
0.0
0.0
12.0
0.0
9.0
0.0
0.0
0.0
0.0
0.0
1.0
0.0
0.0
176.0
0.0
0.0
46.0
0.0
0.0
6.0
68.0
0.0
0.0
88.0
0.0
0.0
98.0
0.0
0.0
50.0
63.0
9.0
3.0
0.0
0.0
0.0
1.0
0.0
0.0
0.0
7.0
3.0
3.0
0.0
10.0
0.0
58.0
0.0
790.0
67.0
0.0
0.0
51.0
1000.0
0.0
0.0
0.0
0.0
0.0
55.0
0.0
0.0
0.0
0.0
5.0
0.0
0.0
0.0
3.0
53.0
0.0
0.0
0.0
315.0
0.0
66.0
58.0
8.0
3.0
0.0
0.0
0.0
61.0
0.0
0.0
0.0
60.0
0.0
1.0
0.0
0.0
1.0
0.0
1.0
0.0
6.0
28.0
59.0
0.0
0.0
0.0
0.0
0.0
0.0
0.0
90.0
0.0
0.0
0.0
0.0
0.0
4.0
0.0
0.0
0.0
0.0
0.0
0.0
1.0
60.0
0.0
0.0
0.0
0.0
2.0
0.0
51.0
0.0
0.0
4.0
63.0
0.0
0.0
1.0
0.0
0.0
0.0
0.0
58.0
0.0
0.0
68.0
1.0
0.0
286.0
0.0
0.0
0.0
0.0
0.0
0.0
0.0
1.0
0.0
0.0
62.0
59.0
0.0
0.0
0.0
0.0
0.0
0.0
0.0
0.0
0.0
1.0
1.0
63.0
1.0
90.0
70.0
0.0
0.0
63.0
0.0
68.0
0.0
59.0
0.0
0.0
0.0
0.0
0.0
0.0
1.0
0.0
0.0
54.0
0.0
0.0
1.0
66.0
0.0
62.0
1.0
0.0
8.0
4.0
0.0
67.0
0.0
0.0
0.0
54.0
2.0
0.0
0.0
11.0
2.0
0.0
0.0
0.0
0.0
0.0
0.0
0.0
0.0
0.0
0.0
0.0
0.0
0.0
59.0
0.0
0.0
0.0
0.0
0.0
0.0
0.0
124.0
0.0
0.0
0.0
0.0
0.0
54.0
1.0
51.0
0.0
0.0
23.0
0.0
55.0
2.0
0.0
0.0
0.0
62.0
0.0
0.0
0.0
0.0
0.0
0.0
0.0
0.0
0.0
0.0
0.0
0.0
57.0
0.0
0.0
0.0
1.0
0.0
0.0
56.0
0.0
23.0
5.0
0.0
0.0
44.0
0.0
0.0
0.0
0.0
0.0
0.0
0.0
4.0
274.0
0.0
1.0
3.0
1.0
593.0
0.0
0.0
0.0
0.0
36.0
60.0
8.0
0.0
0.0
48.0
0.0
0.0
0.0
0.0
0.0
0.0
0.0
0.0
0.0
0.0
0.0
13.0
0.0
50.0
0.0
63.0
73.0
0.0
0.0
0.0
0.0
0.0
0.0
1.0
0.0
0.0
0.0
0.0
0.0
0.0
0.0
0.0
0.0
0.0
0.0
0.0
0.0
0.0
0.0
16.0
0.0
66.0
1.0
0.0
0.0
1.0
18.0
0.0
0.0
0.0
0.0
0.0
0.0
0.0
9.0
0.0
8.0
0.0
1.0
0.0
1.0
58.0
0.0
0.0
0.0
0.0
0.0
0.0
64.0
0.0
0.0
0.0
0.0
0.0
343.0
2.0
0.0
1.0
0.0
0.0
2.0
0.0
0.0
1.0
76.0
0.0
0.0
0.0
0.0
13.0
0.0
7.0
0.0
0.0
1.0
0.0
1.0
0.0
0.0
0.0
0.0
0.0
2.0
0.0
304.0
51.0
93.0
0.0
0.0
0.0
0.0
0.0
0.0
94.0
0.0
0.0
0.0
0.0
377.0
0.0
0.0
0.0
0.0
2.0
315.0
9.0
0.0
0.0
0.0
0.0
70.0
0.0
0.0
0.0
0.0
0.0
0.0
0.0
1000.0
1000.0
0.0
0.0
0.0
0.0
0.0
0.0
0.0
0.0
0.0
0.0
0.0
0.0
0.0
203.0
56.0
8.0
0.0
0.0
0.0
0.0
296.0
0.0
0.0
0.0
59.0
8.0
0.0
0.0
0.0
55.0
0.0
0.0
0.0
0.0
0.0
0.0
0.0
0.0
0.0
0.0
0.0
0.0
0.0
0.0
0.0
59.0
1.0
10.0
0.0
0.0
2.0
0.0
0.0
50.0
0.0
0.0
4.0
0.0
0.0
0.0
0.0
0.0
52.0
2.0
0.0
61.0
0.0
8.0
0.0
1.0
60.0
0.0
66.0
111.0
0.0
52.0
4.0
0.0
0.0
52.0
1.0
0.0
0.0
1.0
0.0
0.0
0.0
0.0
76.0
2.0
0.0
0.0
0.0
0.0
74.0
43.0
54.0
0.0
0.0
0.0
1000.0
53.0
0.0
0.0
0.0
4.0
70.0
8.0
0.0
59.0
0.0
43.0
0.0
0.0
0.0
0.0
0.0
0.0
0.0
6.0
62.0
0.0
0.0
0.0
0.0
1000.0
0.0
0.0
0.0
0.0
0.0
3.0
0.0
4.0
9.0
7.0
0.0
0.0
0.0
52.0
0.0
3.0
0.0
0.0
0.0
2.0
66.0
0.0
0.0
0.0
9.0
291.0
0.0
0.0
0.0
0.0
0.0
0.0
0.0
0.0
0.0
0.0
389.0
0.0
59.0
58.0
0.0
0.0
0.0
0.0
6.0
64.0
0.0
0.0
0.0
63.0
0.0
0.0
0.0
0.0
0.0
423.0
0.0
73.0
0.0
0.0
0.0
53.0
0.0
2.0
0.0
0.0
0.0
0.0
73.0
0.0
1.0
0.0
0.0
0.0
0.0
0.0
0.0
0.0
63.0
0.0
66.0
0.0
0.0
758.0
1.0
0.0
0.0
0.0
0.0
5.0
0.0
62.0
0.0
7.0
0.0
0.0
0.0
0.0
0.0
0.0
0.0
49.0
35.0
1.0
0.0
0.0
0.0
0.0
0.0
0.0
0.0
0.0
49.0
2.0
0.0
0.0
0.0
0.0
0.0
0.0
57.0
0.0
13.0
0.0
0.0
0.0
0.0
0.0
0.0
65.0
0.0
1.0
0.0
49.0
403.0
0.0
0.0
0.0
0.0
0.0
5.0
0.0
47.0
0.0
0.0
0.0
779.0
0.0
0.0
0.0
0.0
0.0
0.0
0.0
0.0
0.0
9.0
8.0
0.0
0.0
0.0
0.0
0.0
69.0
0.0
1000.0
0.0
60.0
57.0
0.0
0.0
0.0
0.0
0.0
0.0
2.0
167.0
66.0
0.0
115.0
0.0
0.0
0.0
0.0
2.0
0.0
9.0
0.0
0.0
0.0
7.0
0.0
0.0
0.0
1.0
1.0
0.0
0.0
0.0
5.0
0.0
0.0
915.0
0.0
0.0
0.0
1.0
0.0
0.0
1.0
0.0
0.0
0.0
2.0
75.0
0.0
1.0
8.0
0.0
61.0
0.0
0.0
0.0
0.0
0.0
2.0
0.0
0.0
1.0
0.0
0.0
52.0
0.0
0.0
0.0
1.0
53.0
0.0
0.0
0.0
0.0
0.0
12.0
57.0
7.0
54.0
0.0
48.0
0.0
1.0
0.0
0.0
0.0
84.0
0.0
0.0
0.0
0.0
0.0
0.0
0.0
61.0
72.0
25.0
0.0
0.0
0.0
0.0
0.0
0.0
0.0
0.0
0.0
2.0
0.0
0.0
0.0
970.0
0.0
0.0
0.0
0.0
0.0
1.0
57.0
0.0
53.0
65.0
279.0
0.0
69.0
0.0
0.0
0.0
51.0
0.0
601.0
0.0
0.0
0.0
0.0
0.0
0.0
0.0
0.0
72.0
0.0
0.0
0.0
0.0
0.0
71.0
0.0
0.0
0.0
1.0
0.0
0.0
61.0
2.0
836.0
0.0
2.0
0.0
36.0
7.0
55.0
0.0
0.0
0.0
1.0
52.0
96.0
1.0
2.0
0.0
0.0
0.0
68.0
0.0
279.0
59.0
0.0
0.0
65.0
0.0
60.0
71.0
54.0
0.0
1.0
0.0
48.0
81.0
65.0
0.0
54.0
0.0
0.0
0.0
0.0
57.0
0.0
3.0
0.0
0.0
0.0
0.0
0.0
0.0
0.0
79.0
5.0
0.0
0.0
806.0
0.0
0.0
0.0
0.0
64.0
0.0
0.0
46.0
0.0
72.0
1.0
0.0
0.0
0.0
0.0
0.0
15.0
60.0
0.0
0.0
0.0
38.0
0.0
60.0
0.0
21.0
0.0
0.0
0.0
0.0
0.0
55.0
0.0
0.0
0.0
0.0
0.0
0.0
0.0
54.0
0.0
0.0
56.0
0.0
8.0
7.0
1.0
0.0
0.0
64.0
0.0
2.0
0.0
0.0
0.0
84.0
0.0
32.0
0.0
0.0
60.0
759.0
0.0
62.0
603.0
0.0
65.0
63.0
15.0
0.0
25.0
52.0
0.0
0.0
0.0
0.0
29.0
0.0
0.0
0.0
0.0
6.0
0.0
64.0
0.0
0.0
22.0
0.0
0.0
0.0
0.0
0.0
0.0
0.0
0.0
0.0
0.0
58.0
2.0
0.0
0.0
0.0
7.0
6.0
0.0
0.0
142.0
0.0
0.0
1.0
0.0
0.0
68.0
31.0
65.0
0.0
0.0
0.0
0.0
64.0
0.0
0.0
0.0
0.0
3.0
0.0
0.0
0.0
0.0
1.0
55.0
259.0
64.0
0.0
28.0
0.0
0.0
1.0
0.0
0.0
0.0
0.0
0.0
1.0
0.0
0.0
58.0
0.0
1.0
0.0
55.0
0.0
0.0
0.0
7.0
0.0
0.0
0.0
0.0
0.0
1.0
0.0
9.0
6.0
0.0
0.0
0.0
0.0
0.0
0.0
0.0
0.0
0.0
0.0
0.0
58.0
0.0
0.0
56.0
59.0
0.0
0.0
0.0
0.0
62.0
0.0
0.0
1.0
0.0
0.0
55.0
0.0
0.0
0.0
0.0
70.0
0.0
0.0
0.0
49.0
32.0
0.0
6.0
70.0
0.0
8.0
0.0
0.0
51.0
0.0
122.0
0.0
0.0
0.0
0.0
66.0
0.0
0.0
0.0
0.0
1.0
0.0
15.0
1.0
55.0
55.0
0.0
62.0
0.0
1000.0
0.0
53.0
566.0
0.0
0.0
0.0
0.0
0.0
0.0
0.0
0.0
2.0
1.0
1.0
0.0
4.0
0.0
59.0
0.0
0.0
0.0
0.0
65.0
0.0
71.0
6.0
0.0
0.0
0.0
0.0
0.0
0.0
0.0
59.0
0.0
2.0
64.0
67.0
0.0
0.0
0.0
0.0
62.0
0.0
1.0
0.0
0.0
0.0
73.0
0.0
60.0
0.0
0.0
2.0
0.0
0.0
0.0
0.0
0.0
0.0
76.0
0.0
0.0
7.0
0.0
8.0
0.0
0.0
24.0
0.0
0.0
0.0
0.0
35.0
5.0
0.0
379.0
1.0
0.0
2.0
54.0
2.0
70.0
61.0
58.0
1.0
57.0
0.0
0.0
0.0
0.0
0.0
0.0
89.0
0.0
5.0
5.0
0.0
1.0
1.0
0.0
0.0
0.0
1.0
0.0
0.0
0.0
55.0
0.0
3.0
57.0
0.0
93.0
39.0
5.0
0.0
0.0
10.0
75.0
0.0
0.0
0.0
0.0
0.0
0.0
0.0
71.0
1.0
51.0
0.0
0.0
0.0
0.0
60.0
0.0
0.0
0.0
0.0
0.0
0.0
0.0
0.0
0.0
2.0
0.0
0.0
0.0
2.0
0.0
54.0
0.0
0.0
0.0
0.0
0.0
0.0
58.0
0.0
85.0
103.0
0.0
0.0
0.0
0.0
1000.0
0.0
6.0
0.0
0.0
0.0
0.0
0.0
0.0
0.0
0.0
4.0
7.0
5.0
1.0
0.0
2.0
2.0
9.0
1.0
0.0
6.0
58.0
0.0
0.0
0.0
1.0
0.0
0.0
74.0
0.0
0.0
0.0
0.0
0.0
0.0
0.0
0.0
0.0
6.0
0.0
0.0
0.0
0.0
0.0
0.0
0.0
0.0
56.0
301.0
0.0
67.0
0.0
61.0
50.0
0.0
1.0
73.0
0.0
6.0
1.0
0.0
0.0
0.0
0.0
0.0
0.0
0.0
0.0
3.0
0.0
0.0
123.0
0.0
0.0
0.0
0.0
0.0
0.0
1.0
0.0
59.0
376.0
0.0
68.0
64.0
0.0
0.0
0.0
5.0
276.0
0.0
295.0
0.0
0.0
0.0
0.0
0.0
0.0
0.0
5.0
0.0
0.0
0.0
66.0
0.0
51.0
0.0
0.0
0.0
0.0
0.0
0.0
0.0
68.0
0.0
0.0
789.0
78.0
0.0
0.0
3.0
0.0
0.0
0.0
1.0
0.0
0.0
0.0
0.0
0.0
53.0
57.0
0.0
0.0
0.0
57.0
0.0
0.0
0.0
0.0
0.0
0.0
0.0
0.0
67.0
1.0
5.0
1.0
0.0
0.0
1.0
8.0
0.0
0.0
0.0
0.0
60.0
0.0
1.0
0.0
398.0
0.0
4.0
52.0
0.0
1.0
57.0
312.0
60.0
2.0
55.0
0.0
0.0
0.0
0.0
0.0
0.0
0.0
62.0
0.0
0.0
54.0
1.0
15.0
55.0
68.0
271.0
1.0
0.0
0.0
2.0
0.0
0.0
0.0
0.0
3.0
0.0
0.0
2.0
0.0
3.0
0.0
0.0
0.0
0.0
0.0
0.0
70.0
0.0
0.0
0.0
0.0
0.0
53.0
32.0
0.0
0.0
65.0
0.0
0.0
1000.0
0.0
355.0
0.0
663.0
0.0
10.0
0.0
1000.0
0.0
0.0
0.0
0.0
0.0
0.0
0.0
62.0
0.0
0.0
0.0
1.0
0.0
0.0
0.0
0.0
0.0
0.0
0.0
0.0
53.0
8.0
0.0
0.0
0.0
0.0
15.0
1000.0
0.0
0.0
0.0
0.0
0.0
68.0
0.0
96.0
0.0
0.0
0.0
0.0
54.0
8.0
52.0
0.0
0.0
0.0
0.0
0.0
8.0
0.0
0.0
0.0
0.0
62.0
0.0
0.0
0.0
0.0
61.0
360.0
5.0
3.0
5.0
0.0
0.0
0.0
0.0
0.0
0.0
53.0
12.0
364.0
6.0
0.0
5.0
0.0
0.0
1.0
1.0
28.0
1.0
0.0
0.0
0.0
91.0
63.0
0.0
116.0
0.0
0.0
0.0
0.0
1.0
0.0
871.0
0.0
59.0
0.0
2.0
61.0
0.0
284.0
4.0
0.0
0.0
0.0
0.0
0.0
2.0
0.0
61.0
0.0
0.0
54.0
0.0
60.0
0.0
0.0
0.0
65.0
8.0
0.0
49.0
0.0
1.0
0.0
0.0
57.0
88.0
0.0
0.0
11.0
1.0
0.0
0.0
0.0
65.0
0.0
1.0
0.0
0.0
0.0
0.0
0.0
0.0
0.0
1.0
0.0
62.0
4.0
0.0
0.0
0.0
0.0
0.0
0.0
54.0
0.0
0.0
0.0
0.0
0.0
0.0
53.0
57.0
0.0
2.0
11.0
0.0
0.0
0.0
0.0
0.0
0.0
0.0
5.0
1.0
64.0
58.0
0.0
0.0
63.0
0.0
0.0
12.0
0.0
0.0
1.0
0.0
9.0
7.0
62.0
0.0
759.0
0.0
0.0
0.0
61.0
0.0
0.0
0.0
1.0
0.0
0.0
6.0
0.0
68.0
0.0
20.0
1.0
5.0
0.0
130.0
63.0
0.0
0.0
0.0
0.0
0.0
54.0
0.0
0.0
61.0
0.0
7.0
0.0
9.0
1.0
0.0
0.0
0.0
0.0
0.0
0.0
6.0
2.0
7.0
60.0
72.0
61.0
65.0
2.0
0.0
0.0
0.0
21.0
0.0
0.0
0.0
0.0
290.0
65.0
1.0
0.0
81.0
1.0
49.0
0.0
1.0
0.0
0.0
0.0
60.0
1000.0
0.0
0.0
26.0
10.0
59.0
0.0
1.0
36.0
0.0
0.0
1.0
0.0
0.0
5.0
59.0
0.0
0.0
6.0
0.0
0.0
0.0
0.0
0.0
0.0
0.0
0.0
0.0
54.0
0.0
0.0
0.0
0.0
8.0
0.0
0.0
702.0
2.0
0.0
0.0
0.0
0.0
1.0
0.0
0.0
0.0
0.0
0.0
28.0
2.0
65.0
57.0
0.0
0.0
0.0
0.0
55.0
0.0
0.0
0.0
0.0
0.0
0.0
430.0
0.0
0.0
0.0
0.0
1.0
61.0
0.0
0.0
0.0
0.0
1.0
0.0
64.0
0.0
3.0
51.0
0.0
0.0
0.0
0.0
0.0
0.0
0.0
138.0
0.0
0.0
0.0
0.0
0.0
1.0
63.0
2.0
152.0
0.0
64.0
0.0
0.0
0.0
0.0
1.0
0.0
63.0
0.0
0.0
0.0
0.0
0.0
30.0
0.0
0.0
0.0
68.0
49.0
1.0
1000.0
56.0
43.0
0.0
0.0
4.0
0.0
65.0
0.0
34.0
73.0
0.0
0.0
0.0
0.0
148.0
0.0
0.0
60.0
0.0
0.0
1.0
0.0
1.0
4.0
0.0
0.0
0.0
0.0
53.0
60.0
1.0
0.0
278.0
0.0
4.0
67.0
0.0
0.0
65.0
0.0
0.0
0.0
0.0
67.0
57.0
56.0
0.0
0.0
0.0
58.0
2.0
67.0
0.0
0.0
0.0
48.0
57.0
6.0
1.0
0.0
0.0
60.0
66.0
57.0
0.0
0.0
58.0
0.0
9.0
0.0
0.0
62.0
0.0
74.0
0.0
5.0
4.0
0.0
4.0
0.0
0.0
5.0
55.0
0.0
131.0
2.0
2.0
63.0
0.0
0.0
8.0
0.0
0.0
0.0
1.0
0.0
0.0
0.0
1.0
0.0
0.0
0.0
0.0
0.0
58.0
0.0
0.0
55.0
0.0
60.0
75.0
0.0
0.0
0.0
0.0
0.0
0.0
9.0
68.0
64.0
0.0
50.0
0.0
0.0
0.0
0.0
0.0
0.0
0.0
83.0
0.0
0.0
0.0
61.0
50.0
10.0
0.0
65.0
0.0
1.0
64.0
1.0
0.0
0.0
1.0
0.0
0.0
59.0
0.0
0.0
0.0
0.0
0.0
76.0
0.0
0.0
0.0
0.0
0.0
50.0
0.0
0.0
100.0
0.0
0.0
0.0
0.0
0.0
0.0
0.0
62.0
0.0
0.0
0.0
5.0
0.0
0.0
0.0
60.0
0.0
0.0
0.0
1.0
0.0
0.0
3.0
0.0
57.0
0.0
0.0
0.0
0.0
0.0
0.0
1.0
54.0
0.0
0.0
0.0
0.0
59.0
0.0
5.0
66.0
0.0
0.0
0.0
0.0
0.0
0.0
67.0
0.0
0.0
5.0
38.0
10.0
0.0
0.0
0.0
6.0
0.0
0.0
0.0
0.0
0.0
9.0
0.0
0.0
0.0
0.0
0.0
0.0
0.0
47.0
0.0
5.0
1.0
71.0
35.0
0.0
0.0
67.0
0.0
1.0
0.0
0.0
2.0
59.0
0.0
0.0
0.0
0.0
0.0
0.0
7.0
0.0
0.0
4.0
0.0
1000.0
15.0
0.0
0.0
0.0
0.0
0.0
0.0
1.0
916.0
53.0
0.0
0.0
0.0
98.0
68.0
0.0
0.0
6.0
50.0
0.0
8.0
0.0
65.0
0.0
5.0
57.0
0.0
69.0
7.0
59.0
0.0
0.0
3.0
0.0
59.0
58.0
0.0
0.0
55.0
0.0
51.0
6.0
0.0
42.0
0.0
0.0
6.0
0.0
5.0
48.0
0.0
0.0
0.0
5.0
2.0
0.0
0.0
0.0
0.0
0.0
0.0
0.0
0.0
0.0
0.0
0.0
0.0
53.0
0.0
2.0
0.0
1000.0
0.0
276.0
0.0
56.0
0.0
0.0
1.0
5.0
1.0
0.0
0.0
0.0
0.0
118.0
1.0
0.0
64.0
0.0
0.0
0.0
0.0
62.0
0.0
0.0
0.0
0.0
0.0
0.0
7.0
0.0
0.0
63.0
0.0
0.0
0.0
62.0
0.0
50.0
0.0
39.0
64.0
0.0
0.0
0.0
0.0
0.0
4.0
0.0
0.0
7.0
37.0
0.0
0.0
0.0
0.0
6.0
5.0
0.0
0.0
0.0
0.0
1.0
0.0
59.0
0.0
0.0
0.0
1.0
0.0
0.0
0.0
59.0
0.0
0.0
0.0
1.0
0.0
58.0
241.0
0.0
0.0
0.0
63.0
362.0
0.0
8.0
0.0
0.0
0.0
0.0
0.0
73.0
0.0
0.0
0.0
0.0
0.0
0.0
0.0
0.0
1.0
0.0
0.0
54.0
0.0
0.0
0.0
0.0
10.0
0.0
0.0
0.0
0.0
0.0
0.0
218.0
1.0
0.0
11.0
0.0
0.0
5.0
0.0
0.0
0.0
0.0
55.0
0.0
64.0
596.0
0.0
0.0
7.0
58.0
0.0
0.0
22.0
0.0
0.0
0.0
0.0
53.0
0.0
0.0
0.0
2.0
5.0
0.0
0.0
61.0
56.0
0.0
1.0
0.0
0.0
53.0
0.0
8.0
22.0
0.0
13.0
0.0
0.0
2.0
53.0
0.0
5.0
18.0
0.0
0.0
0.0
0.0
0.0
22.0
1.0
5.0
0.0
0.0
0.0
0.0
0.0
0.0
0.0
0.0
0.0
0.0
0.0
9.0
76.0
0.0
96.0
0.0
1.0
0.0
0.0
54.0
34.0
0.0
75.0
0.0
55.0
62.0
0.0
92.0
0.0
0.0
0.0
0.0
0.0
0.0
0.0
1.0
23.0
0.0
0.0
898.0
7.0
0.0
0.0
0.0
0.0
0.0
1000.0
60.0
10.0
59.0
0.0
0.0
0.0
0.0
0.0
0.0
0.0
73.0
0.0
38.0
0.0
0.0
0.0
0.0
0.0
0.0
20.0
0.0
1.0
8.0
0.0
0.0
0.0
0.0
56.0
5.0
0.0
0.0
0.0
0.0
0.0
0.0
11.0
0.0
0.0
0.0
0.0
0.0
1.0
56.0
25.0
0.0
0.0
0.0
0.0
0.0
58.0
0.0
1.0
0.0
0.0
58.0
0.0
0.0
0.0
0.0
6.0
86.0
54.0
2.0
0.0
0.0
0.0
1.0
61.0
52.0
12.0
53.0
0.0
0.0
1.0
1.0
50.0
73.0
62.0
55.0
0.0
66.0
0.0
1.0
0.0
12.0
1.0
0.0
0.0
0.0
0.0
0.0
3.0
1.0
0.0
63.0
76.0
0.0
0.0
0.0
0.0
0.0
0.0
0.0
0.0
66.0
63.0
4.0
1.0
0.0
0.0
0.0
57.0
8.0
0.0
0.0
0.0
67.0
0.0
0.0
4.0
56.0
0.0
8.0
0.0
0.0
0.0
0.0
0.0
0.0
0.0
55.0
0.0
5.0
0.0
0.0
50.0
55.0
0.0
0.0
0.0
0.0
0.0
0.0
0.0
0.0
3.0
55.0
1.0
0.0
0.0
0.0
0.0
1.0
60.0
0.0
6.0
1.0
0.0
0.0
69.0
9.0
50.0
0.0
15.0
0.0
0.0
60.0
0.0
0.0
75.0
0.0
1.0
0.0
0.0
0.0
0.0
0.0
0.0
0.0
1.0
0.0
313.0
0.0
0.0
0.0
1.0
0.0
0.0
0.0
0.0
0.0
0.0
0.0
0.0
0.0
2.0
0.0
0.0
33.0
0.0
0.0
40.0
9.0
0.0
0.0
107.0
0.0
0.0
0.0
0.0
71.0
76.0
0.0
0.0
0.0
0.0
6.0
42.0
0.0
0.0
0.0
8.0
61.0
0.0
66.0
0.0
0.0
0.0
47.0
0.0
0.0
0.0
61.0
67.0
0.0
0.0
0.0
0.0
0.0
71.0
0.0
0.0
0.0
0.0
0.0
0.0
58.0
0.0
56.0
0.0
0.0
8.0
0.0
61.0
0.0
3.0
0.0
1.0
0.0
0.0
269.0
0.0
0.0
0.0
0.0
0.0
0.0
0.0
59.0
0.0
0.0
109.0
8.0
0.0
0.0
0.0
0.0
0.0
0.0
67.0
1.0
0.0
0.0
3.0
55.0
0.0
0.0
63.0
0.0
0.0
176.0
0.0
0.0
0.0
1.0
250.0
0.0
0.0
0.0
0.0
0.0
967.0
0.0
0.0
1.0
0.0
0.0
0.0
0.0
1.0
61.0
0.0
0.0
4.0
0.0
55.0
0.0
0.0
0.0
0.0
0.0
51.0
0.0
15.0
0.0
7.0
0.0
0.0
0.0
49.0
0.0
0.0
0.0
0.0
0.0
1.0
0.0
12.0
0.0
0.0
15.0
0.0
73.0
0.0
56.0
5.0
0.0
0.0
1.0
71.0
62.0
0.0
0.0
0.0
0.0
0.0
0.0
57.0
0.0
1.0
65.0
61.0
0.0
0.0
16.0
0.0
62.0
11.0
0.0
0.0
0.0
0.0
10.0
3.0
0.0
0.0
2.0
79.0
0.0
0.0
0.0
0.0
2.0
0.0
1.0
0.0
123.0
3.0
59.0
0.0
498.0
0.0
48.0
4.0
0.0
0.0
0.0
0.0
0.0
0.0
0.0
1.0
7.0
0.0
52.0
45.0
37.0
7.0
0.0
0.0
0.0
0.0
192.0
0.0
41.0
2.0
0.0
67.0
0.0
0.0
55.0
72.0
0.0
0.0
30.0
0.0
0.0
54.0
61.0
0.0
51.0
1.0
0.0
67.0
0.0
0.0
0.0
0.0
0.0
0.0
0.0
70.0
0.0
8.0
7.0
0.0
0.0
0.0
0.0
1.0
62.0
0.0
0.0
0.0
61.0
0.0
0.0
63.0
0.0
0.0
0.0
2.0
0.0
0.0
1.0
53.0
0.0
0.0
0.0
120.0
0.0
0.0
53.0
0.0
0.0
6.0
0.0
0.0
60.0
0.0
52.0
1.0
0.0
0.0
66.0
73.0
9.0
0.0
0.0
39.0
1.0
1.0
1.0
0.0
354.0
0.0
54.0
0.0
0.0
0.0
2.0
0.0
0.0
34.0
180.0
0.0
0.0
60.0
2.0
1.0
65.0
0.0
0.0
0.0
0.0
0.0
0.0
0.0
1.0
63.0
0.0
0.0
0.0
0.0
0.0
53.0
1.0
0.0
0.0
96.0
0.0
8.0
0.0
0.0
0.0
0.0
0.0
55.0
2.0
0.0
70.0
63.0
9.0
0.0
288.0
57.0
0.0
0.0
0.0
0.0
220.0
1.0
0.0
296.0
46.0
58.0
0.0
0.0
4.0
48.0
0.0
1.0
51.0
0.0
0.0
0.0
0.0
0.0
0.0
0.0
2.0
0.0
40.0
2.0
0.0
0.0
60.0
0.0
1.0
59.0
70.0
65.0
0.0
61.0
85.0
0.0
0.0
0.0
1.0
6.0
54.0
29.0
5.0
0.0
0.0
1.0
508.0
0.0
0.0
50.0
59.0
52.0
0.0
0.0
0.0
0.0
1.0
0.0
56.0
0.0
0.0
0.0
4.0
94.0
0.0
56.0
0.0
0.0
53.0
0.0
3.0
0.0
0.0
2.0
65.0
0.0
63.0
0.0
1.0
1.0
0.0
1.0
0.0
0.0
1.0
0.0
0.0
0.0
0.0
4.0
1.0
58.0
0.0
0.0
0.0
0.0
0.0
0.0
0.0
62.0
0.0
0.0
0.0
0.0
0.0
0.0
318.0
9.0
0.0
0.0
0.0
0.0
0.0
0.0
0.0
0.0
0.0
0.0
2.0
0.0
0.0
0.0
0.0
0.0
0.0
0.0
6.0
0.0
0.0
0.0
0.0
65.0
1.0
0.0
67.0
64.0
0.0
0.0
0.0
12.0
67.0
48.0
67.0
72.0
0.0
0.0
64.0
0.0
0.0
0.0
56.0
48.0
0.0
0.0
1.0
0.0
52.0
0.0
0.0
0.0
0.0
1.0
0.0
0.0
0.0
0.0
206.0
64.0
0.0
0.0
0.0
63.0
0.0
0.0
11.0
0.0
0.0
66.0
1.0
0.0
8.0
0.0
0.0
66.0
127.0
51.0
0.0
0.0
0.0
4.0
1.0
0.0
56.0
0.0
2.0
0.0
1.0
69.0
64.0
0.0
0.0
64.0
13.0
0.0
0.0
0.0
0.0
0.0
0.0
2.0
0.0
0.0
0.0
0.0
6.0
0.0
8.0
3.0
6.0
0.0
51.0
0.0
2.0
1.0
0.0
0.0
0.0
2.0
0.0
0.0
64.0
47.0
0.0
0.0
57.0
0.0
0.0
57.0
0.0
0.0
100.0
0.0
253.0
0.0
0.0
0.0
3.0
0.0
24.0
56.0
0.0
0.0
0.0
61.0
0.0
52.0
56.0
1000.0
0.0
281.0
0.0
305.0
57.0
1.0
0.0
1.0
23.0
0.0
0.0
48.0
0.0
0.0
0.0
53.0
0.0
0.0
0.0
0.0
0.0
305.0
7.0
5.0
65.0
0.0
8.0
0.0
313.0
0.0
68.0
52.0
4.0
0.0
1.0
0.0
0.0
0.0
0.0
0.0
0.0
1.0
0.0
1.0
0.0
46.0
0.0
6.0
10.0
73.0
71.0
0.0
0.0
146.0
0.0
0.0
8.0
0.0
71.0
63.0
0.0
6.0
0.0
0.0
0.0
0.0
0.0
0.0
0.0
0.0
3.0
0.0
0.0
0.0
0.0
1.0
0.0
0.0
57.0
8.0
0.0
0.0
0.0
73.0
68.0
0.0
0.0
0.0
0.0
0.0
55.0
1.0
0.0
5.0
0.0
0.0
0.0
8.0
1.0
0.0
1.0
0.0
61.0
0.0
65.0
25.0
0.0
0.0
0.0
0.0
80.0
0.0
8.0
0.0
0.0
55.0
0.0
58.0
0.0
5.0
0.0
34.0
0.0
0.0
0.0
394.0
0.0
1.0
1.0
0.0
0.0
0.0
23.0
5.0
0.0
0.0
8.0
0.0
72.0
70.0
0.0
0.0
0.0
0.0
21.0
0.0
92.0
0.0
7.0
0.0
6.0
0.0
0.0
0.0
0.0
72.0
0.0
8.0
0.0
12.0
82.0
56.0
696.0
0.0
0.0
0.0
0.0
0.0
12.0
0.0
0.0
0.0
1.0
1.0
0.0
6.0
0.0
226.0
0.0
0.0
54.0
0.0
0.0
55.0
0.0
0.0
0.0
4.0
0.0
0.0
0.0
0.0
1.0
0.0
0.0
2.0
0.0
0.0
0.0
23.0
69.0
0.0
0.0
0.0
55.0
0.0
0.0
0.0
0.0
0.0
0.0
0.0
0.0
0.0
2.0
60.0
68.0
0.0
0.0
0.0
62.0
0.0
0.0
0.0
0.0
76.0
7.0
0.0
0.0
68.0
9.0
1.0
0.0
48.0
7.0
0.0
0.0
0.0
76.0
96.0
67.0
0.0
0.0
0.0
1.0
65.0
0.0
0.0
0.0
0.0
0.0
67.0
6.0
0.0
0.0
3.0
0.0
0.0
75.0
0.0
5.0
0.0
0.0
4.0
1.0
0.0
57.0
2.0
763.0
1.0
0.0
0.0
9.0
0.0
0.0
0.0
52.0
0.0
64.0
5.0
0.0
0.0
0.0
0.0
0.0
1.0
79.0
0.0
4.0
0.0
0.0
9.0
0.0
0.0
1.0
0.0
0.0
2.0
0.0
0.0
0.0
0.0
0.0
0.0
0.0
0.0
0.0
414.0
10.0
0.0
0.0
0.0
0.0
0.0
0.0
0.0
1.0
0.0
2.0
0.0
0.0
0.0
55.0
64.0
1.0
0.0
0.0
0.0
53.0
83.0
1.0
0.0
0.0
0.0
56.0
2.0
26.0
0.0
0.0
1.0
56.0
0.0
0.0
0.0
0.0
1.0
0.0
0.0
20.0
0.0
0.0
0.0
0.0
51.0
53.0
56.0
49.0
32.0
8.0
8.0
60.0
0.0
0.0
7.0
60.0
0.0
0.0
11.0
0.0
0.0
0.0
38.0
62.0
56.0
0.0
0.0
0.0
1.0
4.0
0.0
59.0
62.0
4.0
48.0
59.0
264.0
0.0
1.0
0.0
0.0
0.0
67.0
0.0
0.0
45.0
65.0
8.0
0.0
10.0
0.0
0.0
0.0
0.0
23.0
0.0
0.0
19.0
0.0
0.0
62.0
0.0
0.0
0.0
0.0
0.0
53.0
10.0
0.0
0.0
0.0
278.0
62.0
1.0
0.0
0.0
57.0
0.0
0.0
0.0
0.0
0.0
0.0
0.0
1.0
0.0
23.0
0.0
0.0
0.0
0.0
8.0
0.0
8.0
9.0
0.0
0.0
0.0
0.0
0.0
0.0
159.0
0.0
0.0
0.0
0.0
0.0
0.0
0.0
63.0
0.0
1.0
0.0
1.0
43.0
468.0
0.0
0.0
0.0
0.0
0.0
0.0
0.0
0.0
5.0
0.0
1.0
1.0
0.0
50.0
0.0
0.0
22.0
1.0
0.0
0.0
0.0
0.0
69.0
0.0
42.0
0.0
0.0
723.0
0.0
0.0
0.0
4.0
0.0
1.0
58.0
0.0
0.0
0.0
0.0
0.0
0.0
0.0
55.0
0.0
79.0
0.0
0.0
466.0
30.0
0.0
0.0
0.0
0.0
29.0
44.0
0.0
0.0
50.0
12.0
1.0
0.0
2.0
60.0
10.0
54.0
0.0
68.0
7.0
69.0
0.0
0.0
1.0
0.0
0.0
0.0
52.0
1.0
0.0
5.0
0.0
0.0
1.0
0.0
7.0
0.0
34.0
0.0
68.0
61.0
81.0
0.0
4.0
0.0
0.0
0.0
53.0
0.0
0.0
0.0
3.0
11.0
1.0
0.0
54.0
0.0
67.0
0.0
0.0
0.0
0.0
7.0
336.0
52.0
0.0
1.0
0.0
1.0
0.0
0.0
0.0
0.0
70.0
0.0
0.0
0.0
0.0
0.0
0.0
0.0
49.0
1.0
2.0
0.0
0.0
76.0
0.0
0.0
0.0
0.0
0.0
0.0
65.0
60.0
64.0
1000.0
0.0
0.0
0.0
0.0
1.0
0.0
0.0
29.0
1.0
1.0
0.0
0.0
0.0
0.0
0.0
21.0
0.0
57.0
0.0
0.0
0.0
0.0
0.0
0.0
8.0
0.0
0.0
0.0
62.0
29.0
3.0
62.0
0.0
0.0
71.0
1.0
88.0
1000.0
0.0
2.0
3.0
18.0
7.0
2.0
0.0
0.0
0.0
0.0
114.0
65.0
1.0
0.0
61.0
0.0
58.0
0.0
0.0
0.0
0.0
0.0
1.0
0.0
56.0
1.0
0.0
0.0
0.0
2.0
0.0
0.0
63.0
0.0
76.0
0.0
1.0
69.0
46.0
0.0
0.0
0.0
0.0
0.0
2.0
44.0
74.0
0.0
0.0
0.0
0.0
53.0
13.0
15.0
0.0
0.0
1.0
0.0
49.0
63.0
9.0
68.0
0.0
0.0
0.0
1.0
4.0
0.0
0.0
0.0
62.0
0.0
933.0
0.0
0.0
1.0
9.0
0.0
0.0
0.0
0.0
0.0
0.0
59.0
234.0
0.0
0.0
3.0
0.0
0.0
3.0
0.0
135.0
0.0
157.0
0.0
0.0
9.0
0.0
0.0
0.0
30.0
0.0
0.0
0.0
0.0
27.0
0.0
0.0
0.0
17.0
59.0
0.0
0.0
0.0
6.0
0.0
1.0
0.0
0.0
0.0
1.0
30.0
1.0
0.0
0.0
57.0
196.0
0.0
0.0
0.0
0.0
0.0
64.0
1.0
0.0
65.0
0.0
0.0
0.0
0.0
82.0
415.0
0.0
0.0
0.0
49.0
0.0
14.0
0.0
0.0
0.0
65.0
55.0
61.0
89.0
0.0
0.0
0.0
0.0
4.0
0.0
55.0
0.0
0.0
0.0
0.0
0.0
0.0
28.0
0.0
69.0
0.0
260.0
0.0
68.0
295.0
12.0
46.0
0.0
0.0
85.0
0.0
0.0
66.0
256.0
50.0
0.0
1.0
26.0
0.0
61.0
0.0
275.0
1.0
50.0
0.0
9.0
4.0
0.0
56.0
1.0
0.0
0.0
972.0
65.0
0.0
0.0
61.0
0.0
6.0
54.0
0.0
0.0
51.0
0.0
82.0
76.0
0.0
50.0
0.0
68.0
0.0
0.0
0.0
0.0
1.0
45.0
0.0
30.0
0.0
54.0
6.0
57.0
54.0
0.0
0.0
0.0
0.0
0.0
62.0
0.0
372.0
0.0
0.0
0.0
0.0
2.0
0.0
0.0
0.0
0.0
0.0
1.0
0.0
0.0
0.0
0.0
137.0
115.0
62.0
0.0
0.0
0.0
0.0
3.0
1.0
2.0
0.0
0.0
0.0
0.0
0.0
103.0
0.0
0.0
124.0
0.0
0.0
5.0
0.0
0.0
0.0
5.0
0.0
877.0
0.0
7.0
0.0
3.0
3.0
0.0
0.0
102.0
1.0
91.0
4.0
0.0
2.0
2.0
4.0
3.0
0.0
0.0
0.0
0.0
0.0
34.0
5.0
94.0
4.0
0.0
0.0
0.0
1000.0
2.0
0.0
1.0
0.0
0.0
160.0
0.0
1000.0
257.0
0.0
6.0
0.0
0.0
3.0
4.0
99.0
102.0
3.0
0.0
10.0
89.0
0.0
0.0
0.0
0.0
0.0
4.0
0.0
25.0
936.0
41.0
0.0
28.0
0.0
3.0
0.0
3.0
88.0
0.0
0.0
0.0
0.0
0.0
1.0
2.0
0.0
0.0
10.0
0.0
8.0
6.0
1.0
1.0
0.0
116.0
0.0
0.0
553.0
904.0
15.0
0.0
0.0
4.0
2.0
1.0
47.0
0.0
1.0
0.0
2.0
0.0
2.0
0.0
0.0
0.0
0.0
0.0
117.0
0.0
97.0
3.0
87.0
0.0
1000.0
0.0
0.0
3.0
0.0
5.0
14.0
254.0
4.0
0.0
0.0
1000.0
2.0
5.0
2.0
33.0
0.0
33.0
89.0
89.0
4.0
0.0
127.0
4.0
2.0
0.0
0.0
0.0
0.0
187.0
0.0
8.0
2.0
0.0
4.0
0.0
0.0
0.0
84.0
4.0
0.0
0.0
1.0
4.0
0.0
0.0
0.0
0.0
0.0
0.0
748.0
0.0
13.0
8.0
0.0
2.0
0.0
99.0
2.0
0.0
0.0
0.0
0.0
0.0
141.0
1.0
0.0
4.0
98.0
0.0
0.0
7.0
0.0
0.0
0.0
0.0
0.0
2.0
2.0
0.0
0.0
0.0
2.0
16.0
0.0
0.0
25.0
2.0
0.0
0.0
1.0
0.0
0.0
0.0
6.0
0.0
0.0
56.0
0.0
1.0
2.0
3.0
1.0
1.0
82.0
0.0
0.0
103.0
0.0
0.0
1.0
1.0
150.0
0.0
1.0
0.0
40.0
0.0
0.0
6.0
0.0
41.0
8.0
0.0
0.0
2.0
0.0
2.0
2.0
0.0
0.0
0.0
5.0
0.0
0.0
0.0
89.0
0.0
117.0
0.0
0.0
23.0
108.0
99.0
0.0
618.0
0.0
0.0
0.0
13.0
0.0
3.0
3.0
2.0
0.0
13.0
4.0
1000.0
4.0
0.0
0.0
0.0
114.0
0.0
24.0
0.0
5.0
0.0
2.0
1.0
15.0
0.0
13.0
0.0
94.0
1.0
0.0
93.0
55.0
0.0
0.0
206.0
0.0
0.0
0.0
1.0
0.0
0.0
0.0
0.0
0.0
0.0
40.0
0.0
0.0
103.0
0.0
5.0
0.0
15.0
0.0
4.0
2.0
0.0
0.0
0.0
96.0
0.0
59.0
0.0
0.0
0.0
84.0
0.0
18.0
1.0
0.0
4.0
3.0
0.0
2.0
0.0
0.0
0.0
0.0
0.0
0.0
0.0
6.0
0.0
0.0
0.0
1.0
5.0
2.0
1.0
1.0
0.0
0.0
4.0
0.0
0.0
4.0
73.0
15.0
2.0
1.0
0.0
0.0
0.0
0.0
0.0
2.0
3.0
1.0
0.0
7.0
0.0
0.0
0.0
27.0
8.0
0.0
64.0
0.0
8.0
0.0
0.0
43.0
0.0
22.0
145.0
1.0
81.0
0.0
4.0
10.0
6.0
49.0
0.0
0.0
0.0
3.0
0.0
6.0
86.0
4.0
0.0
0.0
0.0
2.0
0.0
116.0
139.0
4.0
0.0
0.0
78.0
0.0
18.0
20.0
4.0
3.0
6.0
0.0
0.0
0.0
0.0
0.0
0.0
0.0
0.0
0.0
0.0
0.0
47.0
6.0
100.0
3.0
1.0
2.0
0.0
1.0
0.0
110.0
0.0
89.0
97.0
0.0
3.0
749.0
0.0
1.0
0.0
3.0
0.0
0.0
0.0
0.0
0.0
87.0
0.0
1.0
10.0
16.0
96.0
0.0
0.0
6.0
62.0
23.0
0.0
976.0
0.0
0.0
88.0
0.0
9.0
88.0
0.0
1.0
3.0
0.0
335.0
0.0
0.0
1.0
18.0
3.0
0.0
0.0
0.0
6.0
0.0
0.0
0.0
0.0
3.0
0.0
19.0
0.0
0.0
89.0
112.0
109.0
0.0
0.0
97.0
0.0
95.0
0.0
0.0
0.0
0.0
0.0
82.0
0.0
0.0
99.0
0.0
15.0
95.0
89.0
100.0
20.0
80.0
0.0
93.0
0.0
3.0
0.0
88.0
2.0
18.0
0.0
105.0
0.0
0.0
17.0
98.0
0.0
0.0
113.0
0.0
0.0
2.0
103.0
0.0
0.0
5.0
2.0
97.0
3.0
0.0
0.0
104.0
0.0
7.0
0.0
0.0
0.0
0.0
0.0
5.0
81.0
0.0
98.0
97.0
15.0
88.0
0.0
0.0
343.0
46.0
0.0
0.0
0.0
2.0
98.0
0.0
0.0
0.0
0.0
0.0
95.0
97.0
0.0
0.0
0.0
87.0
125.0
3.0
0.0
0.0
0.0
0.0
2.0
0.0
91.0
94.0
93.0
6.0
0.0
0.0
13.0
0.0
26.0
0.0
0.0
0.0
4.0
0.0
1.0
0.0
0.0
690.0
4.0
0.0
99.0
0.0
0.0
19.0
82.0
2.0
0.0
106.0
0.0
4.0
97.0
3.0
0.0
85.0
92.0
23.0
4.0
0.0
2.0
0.0
1.0
0.0
0.0
6.0
32.0
4.0
5.0
0.0
17.0
5.0
95.0
0.0
135.0
87.0
0.0
578.0
105.0
0.0
2.0
0.0
0.0
0.0
31.0
94.0
0.0
0.0
0.0
0.0
14.0
0.0
0.0
2.0
1.0
93.0
0.0
1.0
0.0
307.0
0.0
100.0
107.0
10.0
2.0
0.0
0.0
2.0
94.0
0.0
0.0
1.0
88.0
0.0
4.0
0.0
0.0
3.0
0.0
0.0
3.0
18.0
46.0
81.0
0.0
0.0
3.0
1.0
0.0
2.0
0.0
70.0
6.0
0.0
1.0
0.0
0.0
15.0
0.0
0.0
0.0
0.0
3.0
0.0
3.0
96.0
0.0
1000.0
0.0
0.0
0.0
0.0
81.0
0.0
3.0
12.0
96.0
1.0
0.0
5.0
0.0
0.0
0.0
0.0
101.0
0.0
0.0
131.0
5.0
0.0
0.0
6.0
0.0
2.0
0.0
0.0
4.0
93.0
5.0
0.0
0.0
88.0
92.0
0.0
5.0
2.0
0.0
0.0
2.0
0.0
9.0
1.0
4.0
8.0
99.0
5.0
496.0
91.0
0.0
4.0
87.0
0.0
94.0
0.0
97.0
0.0
0.0
0.0
0.0
2.0
1000.0
4.0
0.0
0.0
88.0
0.0
2.0
1.0
84.0
0.0
84.0
6.0
0.0
19.0
13.0
1.0
100.0
0.0
1000.0
0.0
93.0
6.0
0.0
0.0
8.0
2.0
0.0
0.0
0.0
0.0
0.0
0.0
0.0
0.0
0.0
0.0
5.0
0.0
0.0
99.0
0.0
0.0
0.0
0.0
0.0
0.0
0.0
192.0
0.0
2.0
0.0
0.0
0.0
92.0
4.0
97.0
0.0
1.0
44.0
0.0
99.0
3.0
0.0
0.0
0.0
94.0
0.0
0.0
0.0
2.0
0.0
0.0
0.0
0.0
0.0
0.0
0.0
0.0
81.0
146.0
3.0
2.0
11.0
0.0
954.0
102.0
0.0
38.0
24.0
0.0
0.0
35.0
0.0
0.0
0.0
0.0
0.0
1000.0
0.0
12.0
296.0
0.0
3.0
20.0
12.0
0.0
0.0
0.0
1.0
0.0
34.0
103.0
23.0
794.0
0.0
90.0
0.0
0.0
0.0
1.0
5.0
0.0
0.0
2.0
0.0
0.0
0.0
10.0
0.0
87.0
3.0
116.0
82.0
0.0
7.0
9.0
0.0
0.0
0.0
4.0
1.0
5.0
1.0
0.0
0.0
0.0
0.0
0.0
0.0
0.0
0.0
0.0
0.0
2.0
0.0
10.0
0.0
93.0
3.0
0.0
755.0
3.0
44.0
0.0
0.0
0.0
1.0
0.0
0.0
0.0
14.0
0.0
6.0
0.0
3.0
0.0
20.0
83.0
7.0
0.0
0.0
0.0
5.0
0.0
94.0
1.0
0.0
0.0
0.0
0.0
0.0
4.0
0.0
5.0
0.0
13.0
1.0
0.0
0.0
13.0
98.0
0.0
0.0
0.0
0.0
24.0
2.0
9.0
0.0
0.0
1.0
4.0
5.0
0.0
1000.0
0.0
1000.0
0.0
3.0
2.0
343.0
99.0
112.0
0.0
0.0
4.0
0.0
2.0
0.0
110.0
5.0
1000.0
2.0
0.0
190.0
0.0
0.0
0.0
785.0
18.0
285.0
15.0
0.0
0.0
0.0
0.0
95.0
0.0
0.0
0.0
0.0
0.0
0.0
0.0
0.0
0.0
886.0
0.0
0.0
4.0
0.0
4.0
0.0
0.0
0.0
7.0
0.0
0.0
0.0
207.0
89.0
17.0
6.0
1.0
5.0
4.0
268.0
0.0
0.0
0.0
110.0
13.0
6.0
0.0
0.0
75.0
1.0
1.0
0.0
0.0
0.0
0.0
0.0
0.0
4.0
3.0
0.0
0.0
2.0
4.0
0.0
89.0
4.0
14.0
0.0
0.0
16.0
0.0
0.0
97.0
0.0
0.0
24.0
0.0
0.0
0.0
0.0
0.0
100.0
3.0
0.0
95.0
0.0
13.0
0.0
0.0
91.0
6.0
94.0
192.0
1000.0
103.0
18.0
1.0
0.0
95.0
1.0
0.0
0.0
7.0
0.0
0.0
0.0
0.0
126.0
995.0
0.0
0.0
0.0
4.0
89.0
96.0
96.0
0.0
2.0
0.0
0.0
94.0
0.0
0.0
0.0
20.0
97.0
13.0
0.0
82.0
0.0
100.0
0.0
0.0
0.0
0.0
0.0
1.0
4.0
7.0
94.0
0.0
0.0
2.0
0.0
0.0
0.0
3.0
3.0
5.0
0.0
9.0
4.0
34.0
13.0
25.0
0.0
0.0
0.0
95.0
0.0
3.0
0.0
1000.0
0.0
2.0
81.0
0.0
0.0
0.0
73.0
305.0
5.0
0.0
0.0
0.0
0.0
0.0
0.0
0.0
1.0
1000.0
525.0
0.0
103.0
84.0
0.0
0.0
0.0
0.0
8.0
89.0
564.0
0.0
0.0
77.0
0.0
0.0
0.0
0.0
0.0
243.0
0.0
153.0
0.0
0.0
0.0
83.0
0.0
24.0
0.0
0.0
0.0
0.0
121.0
0.0
4.0
0.0
50.0
2.0
0.0
0.0
3.0
0.0
88.0
0.0
86.0
1.0
0.0
0.0
3.0
0.0
0.0
0.0
0.0
10.0
0.0
85.0
0.0
9.0
4.0
0.0
4.0
0.0
0.0
0.0
0.0
103.0
60.0
4.0
0.0
0.0
0.0
0.0
0.0
0.0
0.0
0.0
95.0
2.0
0.0
0.0
1000.0
0.0
1.0
0.0
91.0
0.0
13.0
0.0
0.0
0.0
0.0
0.0
0.0
73.0
4.0
2.0
0.0
104.0
0.0
0.0
0.0
0.0
0.0
0.0
19.0
0.0
92.0
29.0
0.0
0.0
144.0
0.0
0.0
7.0
1.0
4.0
54.0
0.0
0.0
0.0
10.0
12.0
0.0
0.0
0.0
5.0
0.0
97.0
1.0
0.0
0.0
84.0
80.0
1000.0
0.0
0.0
0.0
0.0
0.0
14.0
24.0
84.0
0.0
96.0
0.0
0.0
0.0
0.0
5.0
0.0
18.0
0.0
2.0
7.0
13.0
2.0
0.0
0.0
1.0
1.0
0.0
0.0
0.0
17.0
0.0
0.0
35.0
1.0
0.0
0.0
1.0
0.0
0.0
0.0
2.0
3.0
2.0
3.0
103.0
0.0
6.0
14.0
0.0
101.0
0.0
346.0
0.0
0.0
2.0
0.0
0.0
0.0
6.0
0.0
57.0
80.0
0.0
0.0
1.0
5.0
90.0
0.0
0.0
4.0
0.0
0.0
21.0
100.0
11.0
90.0
0.0
99.0
0.0
2.0
0.0
0.0
0.0
119.0
0.0
1000.0
0.0
0.0
0.0
5.0
0.0
91.0
93.0
61.0
0.0
0.0
0.0
0.0
4.0
0.0
1.0
0.0
0.0
1.0
0.0
0.0
0.0
30.0
1.0
1000.0
0.0
0.0
0.0
5.0
91.0
0.0
94.0
86.0
352.0
1000.0
134.0
0.0
0.0
2.0
99.0
0.0
119.0
0.0
9.0
0.0
0.0
0.0
2.0
103.0
0.0
96.0
0.0
0.0
0.0
0.0
0.0
114.0
0.0
0.0
0.0
8.0
0.0
0.0
100.0
5.0
156.0
0.0
8.0
0.0
925.0
16.0
117.0
6.0
5.0
0.0
5.0
97.0
119.0
4.0
5.0
0.0
0.0
0.0
99.0
0.0
124.0
75.0
1.0
247.0
103.0
2.0
93.0
103.0
98.0
0.0
13.0
0.0
95.0
125.0
80.0
24.0
122.0
0.0
0.0
0.0
3.0
93.0
0.0
24.0
0.0
1.0
0.0
0.0
3.0
0.0
0.0
98.0
18.0
302.0
0.0
0.0
3.0
0.0
1.0
0.0
85.0
0.0
0.0
80.0
4.0
82.0
1.0
0.0
0.0
0.0
0.0
0.0
49.0
101.0
0.0
5.0
0.0
52.0
0.0
100.0
0.0
15.0
0.0
0.0
1.0
0.0
0.0
94.0
1.0
0.0
0.0
3.0
0.0
0.0
0.0
93.0
0.0
0.0
109.0
1000.0
14.0
18.0
3.0
0.0
0.0
90.0
5.0
9.0
0.0
2.0
0.0
140.0
1.0
32.0
0.0
0.0
118.0
0.0
0.0
92.0
159.0
0.0
102.0
103.0
48.0
0.0
41.0
106.0
3.0
0.0
0.0
0.0
30.0
0.0
2.0
1.0
0.0
19.0
0.0
92.0
0.0
2.0
42.0
0.0
0.0
0.0
0.0
0.0
1.0
2.0
0.0
0.0
0.0
106.0
13.0
0.0
0.0
7.0
17.0
17.0
0.0
0.0
180.0
0.0
0.0
3.0
0.0
0.0
139.0
49.0
97.0
0.0
1000.0
0.0
1.0
96.0
0.0
0.0
0.0
0.0
5.0
0.0
0.0
0.0
6.0
1.0
92.0
339.0
97.0
0.0
40.0
0.0
355.0
7.0
0.0
0.0
0.0
0.0
0.0
0.0
0.0
0.0
89.0
0.0
14.0
0.0
108.0
0.0
10.0
0.0
23.0
0.0
0.0
10.0
0.0
0.0
3.0
0.0
17.0
22.0
3.0
0.0
1.0
0.0
0.0
1.0
0.0
0.0
0.0
0.0
0.0
79.0
0.0
2.0
98.0
101.0
3.0
3.0
0.0
0.0
88.0
0.0
0.0
2.0
3.0
3.0
85.0
0.0
1.0
0.0
1.0
91.0
10.0
0.0
1000.0
98.0
27.0
4.0
23.0
111.0
0.0
11.0
0.0
3.0
85.0
2.0
261.0
0.0
2.0
1.0
0.0
95.0
0.0
3.0
0.0
2.0
3.0
0.0
20.0
22.0
93.0
80.0
1.0
102.0
0.0
0.0
0.0
100.0
0.0
1.0
0.0
0.0
0.0
0.0
5.0
0.0
0.0
1.0
4.0
8.0
0.0
7.0
0.0
103.0
0.0
0.0
2.0
0.0
85.0
0.0
125.0
10.0
0.0
0.0
0.0
0.0
0.0
0.0
0.0
104.0
0.0
5.0
102.0
103.0
0.0
1000.0
0.0
0.0
95.0
0.0
2.0
0.0
2.0
0.0
90.0
0.0
109.0
0.0
4.0
3.0
0.0
2.0
0.0
0.0
2.0
0.0
97.0
0.0
1.0
8.0
0.0
19.0
0.0
0.0
39.0
0.0
1.0
0.0
0.0
38.0
23.0
0.0
4.0
3.0
0.0
2.0
83.0
20.0
88.0
99.0
88.0
2.0
95.0
0.0
0.0
0.0
8.0
0.0
0.0
131.0
0.0
18.0
14.0
0.0
4.0
3.0
0.0
0.0
0.0
206.0
463.0
0.0
0.0
104.0
0.0
12.0
100.0
1.0
18.0
40.0
14.0
0.0
1000.0
19.0
100.0
0.0
3.0
0.0
0.0
0.0
0.0
0.0
93.0
16.0
107.0
0.0
0.0
0.0
0.0
101.0
0.0
4.0
0.0
0.0
2.0
0.0
0.0
0.0
0.0
13.0
8.0
0.0
0.0
5.0
0.0
95.0
0.0
0.0
1.0
0.0
0.0
0.0
89.0
96.0
111.0
126.0
0.0
0.0
0.0
0.0
0.0
0.0
11.0
0.0
0.0
0.0
62.0
0.0
4.0
4.0
0.0
20.0
15.0
32.0
4.0
0.0
0.0
7.0
39.0
4.0
8.0
14.0
87.0
7.0
0.0
0.0
6.0
0.0
4.0
112.0
1.0
0.0
2.0
0.0
0.0
0.0
0.0
0.0
4.0
5.0
3.0
0.0
0.0
0.0
0.0
3.0
0.0
0.0
97.0
332.0
0.0
141.0
4.0
95.0
114.0
4.0
4.0
79.0
0.0
16.0
0.0
0.0
0.0
0.0
0.0
0.0
0.0
4.0
0.0
5.0
61.0
0.0
210.0
0.0
0.0
0.0
0.0
0.0
0.0
3.0
0.0
87.0
0.0
0.0
79.0
91.0
0.0
1.0
0.0
15.0
325.0
0.0
303.0
0.0
0.0
0.0
0.0
0.0
2.0
0.0
18.0
2.0
1.0
0.0
92.0
0.0
91.0
0.0
0.0
0.0
0.0
60.0
0.0
0.0
92.0
0.0
0.0
3.0
101.0
0.0
0.0
4.0
0.0
0.0
0.0
3.0
0.0
1.0
6.0
0.0
2.0
103.0
95.0
0.0
0.0
0.0
90.0
0.0
0.0
0.0
0.0
0.0
0.0
2.0
0.0
97.0
4.0
15.0
1.0
0.0
0.0
2.0
13.0
0.0
0.0
0.0
0.0
95.0
778.0
0.0
0.0
371.0
0.0
15.0
611.0
0.0
4.0
92.0
295.0
145.0
17.0
88.0
0.0
1.0
0.0
0.0
2.0
0.0
0.0
111.0
0.0
0.0
79.0
3.0
20.0
91.0
96.0
323.0
0.0
0.0
2.0
6.0
0.0
0.0
0.0
0.0
3.0
0.0
0.0
3.0
0.0
10.0
0.0
1.0
2.0
0.0
2.0
0.0
96.0
0.0
0.0
3.0
0.0
0.0
96.0
34.0
0.0
0.0
104.0
0.0
0.0
0.0
0.0
261.0
0.0
0.0
0.0
13.0
0.0
0.0
4.0
1000.0
2.0
4.0
0.0
0.0
0.0
90.0
0.0
0.0
0.0
1.0
0.0
0.0
0.0
3.0
3.0
0.0
0.0
0.0
86.0
25.0
1.0
0.0
3.0
0.0
20.0
0.0
0.0
1.0
0.0
0.0
0.0
101.0
0.0
108.0
0.0
0.0
1.0
8.0
92.0
18.0
85.0
0.0
0.0
0.0
2.0
0.0
11.0
0.0
0.0
0.0
0.0
92.0
0.0
1000.0
2.0
2.0
116.0
262.0
17.0
19.0
20.0
0.0
0.0
0.0
0.0
0.0
2.0
81.0
19.0
41.0
16.0
0.0
15.0
0.0
0.0
3.0
35.0
38.0
3.0
0.0
0.0
0.0
123.0
101.0
0.0
205.0
0.0
0.0
0.0
0.0
6.0
7.0
1.0
0.0
99.0
0.0
11.0
83.0
0.0
333.0
14.0
0.0
0.0
0.0
1.0
75.0
10.0
0.0
94.0
0.0
4.0
93.0
5.0
97.0
0.0
0.0
1.0
89.0
18.0
0.0
90.0
3.0
1.0
0.0
0.0
104.0
108.0
0.0
35.0
15.0
8.0
0.0
0.0
0.0
104.0
1.0
4.0
0.0
0.0
1.0
0.0
2.0
0.0
0.0
7.0
3.0
110.0
996.0
0.0
5.0
7.0
3.0
0.0
0.0
96.0
0.0
0.0
0.0
0.0
2.0
1.0
92.0
110.0
0.0
2.0
15.0
0.0
0.0
4.0
0.0
0.0
0.0
0.0
668.0
4.0
99.0
94.0
0.0
0.0
87.0
0.0
0.0
26.0
0.0
0.0
5.0
5.0
33.0
17.0
119.0
3.0
0.0
1.0
0.0
0.0
84.0
0.0
0.0
999.0
5.0
4.0
0.0
11.0
0.0
120.0
0.0
40.0
2.0
28.0
0.0
199.0
77.0
0.0
0.0
1000.0
0.0
0.0
112.0
0.0
0.0
87.0
0.0
5.0
0.0
18.0
9.0
2.0
1000.0
0.0
0.0
0.0
5.0
26.0
8.0
21.0
93.0
85.0
129.0
95.0
6.0
0.0
1.0
0.0
37.0
1000.0
0.0
127.0
0.0
321.0
123.0
1.0
0.0
18.0
5.0
123.0
0.0
1.0
3.0
1.0
0.0
93.0
0.0
0.0
5.0
48.0
12.0
110.0
0.0
3.0
34.0
1.0
0.0
4.0
1.0
0.0
14.0
102.0
0.0
0.0
11.0
0.0
0.0
1.0
0.0
0.0
0.0
5.0
0.0
0.0
97.0
0.0
0.0
0.0
0.0
84.0
0.0
1.0
32.0
3.0
0.0
760.0
4.0
3.0
3.0
0.0
0.0
0.0
0.0
0.0
38.0
17.0
86.0
100.0
1000.0
0.0
3.0
0.0
111.0
0.0
0.0
0.0
53.0
0.0
0.0
0.0
4.0
0.0
0.0
0.0
0.0
89.0
0.0
0.0
1.0
0.0
2.0
0.0
104.0
0.0
23.0
97.0
2.0
0.0
0.0
0.0
0.0
968.0
0.0
154.0
3.0
0.0
0.0
0.0
1.0
2.0
101.0
3.0
303.0
0.0
92.0
0.0
0.0
0.0
0.0
29.0
0.0
88.0
0.0
0.0
0.0
0.0
0.0
43.0
0.0
3.0
0.0
95.0
80.0
3.0
0.0
94.0
106.0
0.0
0.0
16.0
0.0
97.0
0.0
30.0
79.0
0.0
0.0
0.0
0.0
175.0
3.0
0.0
107.0
0.0
0.0
3.0
3.0
4.0
14.0
0.0
5.0
0.0
0.0
95.0
77.0
2.0
7.0
326.0
0.0
3.0
86.0
1.0
3.0
102.0
0.0
0.0
0.0
1.0
100.0
98.0
97.0
3.0
0.0
2.0
87.0
4.0
98.0
2.0
0.0
0.0
87.0
80.0
14.0
7.0
4.0
0.0
869.0
106.0
89.0
2.0
5.0
103.0
0.0
14.0
0.0
0.0
92.0
0.0
117.0
0.0
6.0
3.0
373.0
16.0
0.0
1.0
14.0
95.0
3.0
17.0
6.0
23.0
94.0
0.0
1.0
16.0
0.0
3.0
0.0
0.0
0.0
0.0
3.0
1.0
282.0
3.0
2.0
0.0
1.0
80.0
0.0
0.0
94.0
0.0
111.0
96.0
0.0
0.0
0.0
0.0
1.0
0.0
21.0
93.0
92.0
0.0
100.0
0.0
0.0
0.0
0.0
0.0
0.0
1.0
144.0
1.0
0.0
4.0
94.0
89.0
133.0
0.0
90.0
0.0
0.0
85.0
5.0
0.0
0.0
5.0
0.0
0.0
92.0
0.0
0.0
3.0
0.0
0.0
108.0
934.0
929.0
0.0
0.0
0.0
94.0
4.0
0.0
132.0
0.0
0.0
0.0
3.0
0.0
0.0
0.0
97.0
0.0
0.0
0.0
21.0
1.0
2.0
1000.0
123.0
0.0
0.0
6.0
0.0
0.0
0.0
10.0
0.0
118.0
0.0
0.0
1.0
5.0
0.0
0.0
2.0
84.0
0.0
4.0
4.0
0.0
98.0
1.0
5.0
100.0
0.0
0.0
5.0
0.0
0.0
0.0
91.0
0.0
0.0
22.0
95.0
5.0
0.0
0.0
0.0
19.0
0.0
1.0
1.0
0.0
0.0
11.0
0.0
0.0
0.0
0.0
0.0
0.0
0.0
106.0
3.0
13.0
4.0
114.0
118.0
0.0
3.0
101.0
0.0
7.0
0.0
0.0
4.0
82.0
4.0
1.0
2.0
3.0
130.0
0.0
17.0
4.0
4.0
24.0
0.0
0.0
28.0
3.0
0.0
0.0
0.0
0.0
0.0
4.0
42.0
81.0
293.0
0.0
0.0
747.0
85.0
3.0
1.0
17.0
95.0
0.0
28.0
2.0
83.0
0.0
22.0
86.0
0.0
83.0
28.0
94.0
0.0
0.0
8.0
0.0
104.0
106.0
4.0
0.0
86.0
0.0
72.0
15.0
0.0
40.0
0.0
0.0
19.0
0.0
9.0
114.0
4.0
1.0
0.0
5.0
3.0
0.0
6.0
0.0
1.0
1.0
1.0
0.0
0.0
4.0
0.0
0.0
5.0
105.0
0.0
1.0
0.0
0.0
1.0
463.0
0.0
94.0
0.0
1.0
3.0
33.0
1.0
0.0
0.0
0.0
0.0
139.0
4.0
0.0
105.0
0.0
0.0
0.0
0.0
88.0
0.0
0.0
3.0
0.0
78.0
6.0
19.0
0.0
0.0
100.0
0.0
0.0
2.0
94.0
0.0
84.0
6.0
102.0
84.0
0.0
0.0
0.0
0.0
0.0
6.0
1000.0
0.0
20.0
43.0
0.0
0.0
0.0
4.0
14.0
11.0
1000.0
0.0
0.0
0.0
3.0
0.0
87.0
0.0
0.0
0.0
1.0
9.0
0.0
0.0
109.0
0.0
0.0
0.0
1.0
3.0
92.0
226.0
0.0
4.0
0.0
93.0
240.0
0.0
18.0
0.0
0.0
0.0
0.0
0.0
81.0
4.0
0.0
842.0
0.0
1000.0
6.0
0.0
0.0
1.0
0.0
0.0
84.0
0.0
0.0
0.0
0.0
16.0
0.0
0.0
0.0
0.0
0.0
4.0
255.0
3.0
0.0
14.0
0.0
3.0
4.0
0.0
1.0
3.0
0.0
91.0
0.0
115.0
153.0
0.0
0.0
13.0
93.0
0.0
0.0
42.0
39.0
0.0
0.0
0.0
95.0
0.0
1.0
0.0
4.0
92.0
3.0
0.0
71.0
97.0
1.0
21.0
2.0
0.0
104.0
0.0
19.0
48.0
2.0
6.0
0.0
0.0
4.0
88.0
0.0
18.0
3.0
4.0
3.0
0.0
0.0
0.0
48.0
2.0
19.0
2.0
0.0
0.0
1.0
4.0
0.0
0.0
3.0
1000.0
0.0
0.0
13.0
84.0
0.0
102.0
0.0
6.0
0.0
2.0
86.0
31.0
0.0
87.0
0.0
90.0
100.0
0.0
107.0
0.0
5.0
4.0
2.0
0.0
5.0
0.0
3.0
36.0
0.0
6.0
0.0
13.0
0.0
0.0
0.0
0.0
0.0
0.0
79.0
18.0
102.0
4.0
0.0
0.0
0.0
0.0
3.0
5.0
107.0
0.0
868.0
0.0
0.0
4.0
0.0
0.0
0.0
31.0
0.0
3.0
17.0
2.0
3.0
0.0
0.0
85.0
32.0
2.0
0.0
3.0
0.0
0.0
0.0
924.0
0.0
0.0
0.0
0.0
0.0
0.0
108.0
36.0
0.0
0.0
0.0
0.0
0.0
94.0
4.0
3.0
5.0
0.0
73.0
0.0
1.0
0.0
0.0
12.0
137.0
84.0
208.0
3.0
1.0
2.0
8.0
85.0
102.0
74.0
87.0
37.0
0.0
11.0
7.0
92.0
91.0
78.0
96.0
2.0
101.0
0.0
6.0
12.0
15.0
2.0
0.0
3.0
1.0
3.0
0.0
1.0
2.0
0.0
87.0
146.0
0.0
0.0
0.0
0.0
0.0
0.0
0.0
0.0
87.0
103.0
15.0
2.0
913.0
0.0
0.0
86.0
22.0
0.0
0.0
0.0
98.0
1.0
4.0
22.0
116.0
0.0
10.0
0.0
968.0
0.0
2.0
0.0
0.0
0.0
99.0
5.0
15.0
5.0
0.0
106.0
99.0
0.0
0.0
0.0
1000.0
0.0
0.0
0.0
0.0
4.0
92.0
4.0
0.0
0.0
0.0
0.0
0.0
93.0
0.0
22.0
0.0
0.0
0.0
101.0
15.0
94.0
0.0
17.0
4.0
0.0
85.0
1.0
2.0
110.0
0.0
8.0
0.0
0.0
0.0
0.0
0.0
0.0
0.0
8.0
0.0
347.0
0.0
0.0
0.0
3.0
0.0
0.0
3.0
6.0
4.0
5.0
0.0
0.0
0.0
3.0
1.0
0.0
31.0
0.0
0.0
87.0
0.0
0.0
1000.0
421.0
0.0
0.0
0.0
0.0
79.0
107.0
0.0
0.0
0.0
2.0
16.0
90.0
0.0
0.0
0.0
15.0
110.0
0.0
96.0
4.0
0.0
0.0
97.0
0.0
3.0
0.0
95.0
100.0
1.0
0.0
0.0
5.0
0.0
105.0
0.0
1.0
0.0
0.0
0.0
0.0
86.0
0.0
92.0
0.0
0.0
18.0
0.0
124.0
0.0
5.0
4.0
11.0
0.0
0.0
205.0
0.0
0.0
0.0
0.0
0.0
0.0
1000.0
122.0
0.0
0.0
654.0
21.0
4.0
0.0
1.0
0.0
4.0
0.0
98.0
2.0
0.0
0.0
4.0
111.0
0.0
0.0
89.0
4.0
0.0
691.0
6.0
0.0
1.0
2.0
496.0
2.0
0.0
1.0
8.0
0.0
5.0
0.0
2.0
3.0
0.0
1.0
0.0
0.0
5.0
108.0
0.0
0.0
1.0
0.0
104.0
1.0
0.0
0.0
0.0
0.0
94.0
4.0
5.0
93.0
7.0
1.0
0.0
0.0
106.0
0.0
0.0
2.0
0.0
0.0
5.0
0.0
22.0
0.0
0.0
64.0
0.0
86.0
0.0
101.0
16.0
7.0
3.0
4.0
87.0
104.0
0.0
0.0
2.0
0.0
0.0
0.0
88.0
0.0
1.0
95.0
107.0
1.0
1.0
41.0
579.0
89.0
49.0
0.0
0.0
0.0
1.0
13.0
8.0
0.0
3.0
7.0
97.0
0.0
0.0
0.0
0.0
1.0
0.0
7.0
1.0
6.0
10.0
104.0
2.0
134.0
3.0
96.0
14.0
0.0
0.0
5.0
0.0
3.0
0.0
5.0
3.0
25.0
0.0
91.0
95.0
109.0
19.0
133.0
1.0
0.0
0.0
238.0
0.0
555.0
8.0
3.0
93.0
1.0
0.0
95.0
99.0
43.0
0.0
44.0
0.0
0.0
78.0
81.0
0.0
97.0
8.0
0.0
94.0
3.0
0.0
0.0
0.0
0.0
8.0
0.0
88.0
0.0
10.0
20.0
0.0
2.0
4.0
746.0
3.0
89.0
0.0
1000.0
0.0
125.0
0.0
0.0
77.0
0.0
0.0
0.0
3.0
1.0
3.0
4.0
92.0
0.0
46.0
1000.0
167.0
0.0
0.0
157.0
3.0
0.0
19.0
5.0
0.0
116.0
0.0
115.0
7.0
0.0
0.0
87.0
84.0
16.0
0.0
0.0
32.0
3.0
2.0
2.0
0.0
396.0
0.0
87.0
0.0
2.0
0.0
5.0
0.0
3.0
44.0
230.0
0.0
0.0
98.0
4.0
15.0
78.0
0.0
1.0
3.0
0.0
0.0
3.0
3.0
1.0
92.0
4.0
0.0
0.0
0.0
0.0
104.0
7.0
0.0
0.0
108.0
0.0
34.0
0.0
5.0
2.0
6.0
6.0
91.0
17.0
0.0
132.0
95.0
14.0
0.0
84.0
102.0
3.0
0.0
0.0
0.0
728.0
2.0
0.0
335.0
75.0
89.0
0.0
0.0
10.0
96.0
0.0
4.0
844.0
3.0
0.0
0.0
0.0
0.0
0.0
0.0
7.0
0.0
27.0
5.0
0.0
4.0
81.0
0.0
5.0
102.0
95.0
125.0
0.0
74.0
114.0
0.0
0.0
0.0
0.0
18.0
94.0
32.0
15.0
0.0
0.0
4.0
149.0
0.0
0.0
95.0
88.0
121.0
0.0
1.0
0.0
0.0
17.0
0.0
106.0
0.0
1.0
3.0
27.0
110.0
3.0
89.0
0.0
1000.0
87.0
0.0
14.0
0.0
0.0
5.0
89.0
842.0
86.0
0.0
3.0
2.0
0.0
5.0
0.0
3.0
2.0
0.0
3.0
0.0
18.0
16.0
2.0
103.0
0.0
0.0
0.0
0.0
0.0
0.0
0.0
113.0
0.0
0.0
0.0
0.0
0.0
0.0
317.0
16.0
0.0
0.0
0.0
0.0
0.0
3.0
1.0
0.0
0.0
0.0
1.0
0.0
5.0
0.0
0.0
4.0
0.0
0.0
9.0
0.0
0.0
364.0
2.0
99.0
212.0
0.0
103.0
91.0
0.0
1.0
1.0
13.0
88.0
92.0
94.0
100.0
0.0
0.0
101.0
0.0
6.0
2.0
104.0
95.0
0.0
5.0
1.0
0.0
91.0
0.0
0.0
7.0
0.0
2.0
0.0
0.0
721.0
4.0
251.0
81.0
4.0
0.0
0.0
99.0
0.0
0.0
13.0
0.0
2.0
95.0
4.0
1.0
31.0
0.0
0.0
97.0
175.0
93.0
0.0
0.0
0.0
14.0
7.0
0.0
105.0
4.0
14.0
0.0
3.0
137.0
99.0
0.0
1000.0
93.0
14.0
0.0
0.0
0.0
1.0
0.0
4.0
13.0
0.0
1.0
0.0
0.0
17.0
3.0
16.0
13.0
20.0
0.0
92.0
0.0
219.0
0.0
0.0
0.0
0.0
3.0
0.0
0.0
94.0
85.0
0.0
0.0
119.0
0.0
0.0
96.0
0.0
7.0
135.0
0.0
488.0
0.0
0.0
4.0
33.0
0.0
895.0
95.0
0.0
9.0
4.0
93.0
0.0
948.0
95.0
0.0
1.0
325.0
0.0
401.0
97.0
3.0
0.0
0.0
26.0
1.0
0.0
81.0
0.0
0.0
0.0
87.0
0.0
0.0
0.0
4.0
0.0
333.0
13.0
17.0
86.0
0.0
21.0
0.0
307.0
2.0
160.0
97.0
4.0
0.0
6.0
1000.0
0.0
0.0
1000.0
0.0
0.0
3.0
0.0
8.0
1.0
108.0
0.0
22.0
14.0
103.0
91.0
0.0
0.0
173.0
0.0
0.0
21.0
0.0
98.0
82.0
4.0
21.0
0.0
0.0
3.0
4.0
7.0
6.0
95.0
0.0
4.0
0.0
0.0
1.0
0.0
13.0
0.0
5.0
114.0
82.0
6.0
5.0
52.0
85.0
85.0
5.0
0.0
0.0
0.0
11.0
86.0
2.0
0.0
13.0
2.0
885.0
0.0
13.0
2.0
0.0
5.0
0.0
117.0
0.0
97.0
52.0
0.0
44.0
4.0
0.0
125.0
0.0
18.0
6.0
0.0
75.0
1.0
112.0
0.0
36.0
0.0
45.0
0.0
0.0
3.0
0.0
90.0
0.0
4.0
0.0
0.0
0.0
900.0
16.0
0.0
5.0
12.0
0.0
118.0
157.0
3.0
0.0
0.0
0.0
17.0
1000.0
117.0
0.0
12.0
0.0
14.0
0.0
2.0
4.0
1.0
101.0
2.0
19.0
0.0
16.0
133.0
88.0
31.0
0.0
0.0
0.0
5.0
0.0
71.0
0.0
5.0
15.0
2.0
2.0
0.0
18.0
0.0
461.0
1.0
0.0
85.0
0.0
0.0
93.0
0.0
0.0
0.0
15.0
0.0
0.0
53.0
1.0
6.0
5.0
0.0
4.0
2.0
0.0
2.0
903.0
100.0
0.0
0.0
0.0
108.0
1000.0
0.0
7.0
979.0
0.0
0.0
5.0
0.0
3.0
12.0
84.0
92.0
0.0
0.0
6.0
89.0
0.0
0.0
0.0
5.0
94.0
15.0
0.0
0.0
140.0
14.0
4.0
0.0
45.0
14.0
0.0
0.0
0.0
111.0
131.0
89.0
4.0
0.0
17.0
0.0
99.0
0.0
1.0
41.0
0.0
0.0
91.0
12.0
0.0
0.0
2.0
0.0
2.0
130.0
0.0
14.0
0.0
0.0
11.0
3.0
0.0
93.0
2.0
3.0
11.0
1.0
0.0
23.0
0.0
0.0
0.0
90.0
3.0
93.0
9.0
3.0
0.0
7.0
2.0
0.0
1.0
114.0
0.0
25.0
1.0
0.0
16.0
0.0
0.0
2.0
0.0
0.0
5.0
0.0
0.0
4.0
0.0
0.0
0.0
0.0
660.0
3.0
286.0
14.0
0.0
0.0
0.0
1.0
0.0
0.0
1.0
2.0
5.0
8.0
0.0
0.0
0.0
109.0
96.0
2.0
0.0
0.0
0.0
105.0
141.0
4.0
7.0
0.0
2.0
104.0
6.0
50.0
0.0
4.0
2.0
88.0
1.0
0.0
1.0
2.0
1.0
4.0
1.0
47.0
0.0
0.0
40.0
0.0
95.0
87.0
89.0
97.0
31.0
14.0
20.0
104.0
12.0
0.0
10.0
87.0
0.0
0.0
661.0
0.0
1.0
2.0
39.0
139.0
98.0
0.0
0.0
0.0
3.0
19.0
0.0
80.0
93.0
14.0
81.0
93.0
302.0
0.0
3.0
0.0
0.0
0.0
90.0
0.0
0.0
89.0
97.0
10.0
0.0
15.0
0.0
6.0
3.0
0.0
34.0
1.0
0.0
35.0
0.0
0.0
90.0
0.0
0.0
3.0
0.0
0.0
96.0
18.0
0.0
0.0
4.0
311.0
88.0
0.0
0.0
0.0
116.0
5.0
0.0
0.0
0.0
0.0
0.0
0.0
0.0
4.0
30.0
0.0
0.0
0.0
0.0
14.0
6.0
15.0
17.0
0.0
0.0
2.0
2.0
0.0
844.0
50.0
0.0
2.0
3.0
0.0
0.0
0.0
59.0
88.0
81.0
8.0
0.0
9.0
90.0
229.0
0.0
5.0
0.0
0.0
2.0
0.0
9.0
1.0
16.0
3.0
7.0
1.0
0.0
221.0
1.0
0.0
46.0
2.0
3.0
0.0
5.0
0.0
90.0
4.0
89.0
0.0
1.0
277.0
0.0
0.0
0.0
15.0
0.0
6.0
91.0
0.0
1.0
0.0
0.0
0.0
0.0
0.0
95.0
0.0
109.0
0.0
0.0
218.0
25.0
5.0
3.0
0.0
0.0
54.0
93.0
0.0
0.0
64.0
116.0
7.0
0.0
13.0
130.0
23.0
93.0
5.0
96.0
31.0
90.0
0.0
0.0
3.0
0.0
0.0
0.0
105.0
1.0
1.0
12.0
1000.0
0.0
2.0
0.0
14.0
0.0
689.0
0.0
84.0
107.0
104.0
0.0
17.0
0.0
0.0
0.0
97.0
0.0
1.0
0.0
5.0
28.0
4.0
0.0
90.0
2.0
92.0
1000.0
0.0
1.0
0.0
22.0
450.0
93.0
0.0
3.0
0.0
1.0
0.0
0.0
0.0
0.0
90.0
0.0
0.0
0.0
0.0
3.0
0.0
6.0
94.0
2.0
0.0
0.0
0.0
104.0
1000.0
0.0
0.0
2.0
0.0
0.0
117.0
94.0
88.0
0.0
0.0
0.0
0.0
0.0
4.0
0.0
0.0
63.0
2.0
6.0
0.0
0.0
0.0
0.0
0.0
29.0
1.0
103.0
1000.0
0.0
1.0
0.0
0.0
0.0
12.0
3.0
0.0
0.0
116.0
32.0
1.0
78.0
0.0
0.0
112.0
2.0
110.0
0.0
0.0
8.0
12.0
46.0
20.0
1.0
1.0
0.0
6.0
0.0
130.0
91.0
2.0
0.0
90.0
0.0
100.0
2.0
0.0
0.0
86.0
0.0
1.0
0.0
91.0
4.0
0.0
0.0
0.0
2.0
0.0
0.0
116.0
0.0
151.0
0.0
2.0
101.0
80.0
0.0
2.0
0.0
4.0
5.0
2.0
100.0
100.0
1.0
1.0
0.0
3.0
98.0
33.0
2.0
0.0
0.0
10.0
0.0
100.0
103.0
18.0
83.0
2.0
6.0
0.0
1.0
34.0
0.0
1.0
1000.0
100.0
1.0
0.0
0.0
1.0
0.0
16.0
0.0
0.0
1000.0
1.0
2.0
0.0
103.0
228.0
2.0
955.0
16.0
0.0
5.0
21.0
0.0
1.0
0.0
215.0
0.0
0.0
18.0
0.0
0.0
0.0
35.0
4.0
4.0
1.0
5.0
51.0
5.0
0.0
0.0
36.0
84.0
1.0
0.0
0.0
12.0
0.0
3.0
3.0
0.0
0.0
0.0
42.0
19.0
0.0
2.0
177.0
281.0
5.0
0.0
0.0
0.0
0.0
86.0
2.0
0.0
106.0
0.0
0.0
0.0
0.0
131.0
238.0
3.0
3.0
3.0
87.0
0.0
12.0
340.0
0.0
0.0
91.0
111.0
90.0
155.0
2.0
0.0
0.0
0.0
13.0
0.0
96.0
0.0
3.0
0.0
0.0
0.0
3.0
31.0
0.0
91.0
0.0
200.0
0.0
91.0
297.0
15.0
104.0
0.0
0.0
121.0
0.0
1.0
104.0
47.0
109.0
0.0
6.0
52.0
0.0
99.0
0.0
305.0
2.0
95.0
0.0
23.0
22.0
5.0
91.0
11.0
1.0
5.0
3.0
124.0
0.0
0.0
95.0
3.0
16.0
88.0
0.0
0.0
110.0
4.0
138.0
83.0
0.0
87.0
0.0
100.0
2.0
0.0
0.0
0.0
3.0
81.0
1.0
456.0
0.0
99.0
81.0
93.0
99.0
0.0
0.0
0.0
37.0
1.0
95.0
0.0
256.0
0.0
0.0
0.0
0.0
24.0
0.0
0.0
0.0
0.0
0.0
15.0
0.0
0.0
0.0
0.0
137.0
663.0
76.0
1.0
1000.0
1000.0
1000.0
997.0
999.0
998.0
1000.0
1000.0
1000.0
1000.0
1000.0
824.0
1000.0
1000.0
498.0
1000.0
1000.0
994.0
0.0
1000.0
1000.0
995.0
1000.0
123.0
1000.0
993.0
1000.0
996.0
995.0
1000.0
1000.0
742.0
998.0
776.0
994.0
1000.0
998.0
997.0
995.0
997.0
0.0
1000.0
1000.0
1000.0
1000.0
926.0
993.0
762.0
996.0
1000.0
1000.0
1000.0
0.0
998.0
1000.0
998.0
1000.0
1000.0
573.0
1000.0
0.0
0.0
1000.0
993.0
1000.0
996.0
996.0
995.0
786.0
730.0
995.0
1000.0
987.0
785.0
1000.0
1000.0
1000.0
0.0
1000.0
996.0
1000.0
968.0
52.0
953.0
1000.0
965.0
1000.0
997.0
1000.0
994.0
795.0
1000.0
1000.0
1000.0
1000.0
1000.0
998.0
997.0
0.0
1000.0
990.0
1000.0
991.0
993.0
999.0
999.0
1000.0
733.0
1000.0
1000.0
0.0
90.0
972.0
1000.0
1000.0
996.0
997.0
999.0
902.0
1000.0
999.0
1000.0
998.0
1000.0
998.0
1000.0
1000.0
1000.0
1000.0
1000.0
752.0
1000.0
780.0
995.0
796.0
1000.0
0.0
1000.0
1000.0
997.0
1000.0
992.0
973.0
1.0
994.0
1000.0
1000.0
0.0
998.0
993.0
998.0
943.0
1000.0
967.0
772.0
776.0
994.0
1000.0
736.0
994.0
997.0
1000.0
1000.0
1000.0
1000.0
574.0
1000.0
991.0
998.0
1000.0
996.0
1000.0
1000.0
1000.0
794.0
995.0
1000.0
1000.0
998.0
995.0
1000.0
1000.0
0.0
1000.0
1000.0
1000.0
144.0
1000.0
974.0
991.0
1000.0
998.0
1000.0
795.0
998.0
1000.0
1000.0
1000.0
1000.0
1000.0
327.0
999.0
1000.0
996.0
772.0
1000.0
1000.0
993.0
1000.0
1000.0
1000.0
1000.0
1000.0
997.0
998.0
1000.0
1000.0
1000.0
994.0
970.0
1000.0
1000.0
966.0
997.0
1000.0
0.0
999.0
1000.0
1000.0
1000.0
992.0
1000.0
1000.0
863.0
1000.0
998.0
998.0
995.0
999.0
999.0
918.0
1000.0
1000.0
756.0
1000.0
1000.0
999.0
999.0
684.0
1000.0
998.0
1000.0
908.0
1000.0
1000.0
993.0
1000.0
903.0
991.0
1000.0
1000.0
998.0
1000.0
998.0
998.0
1000.0
1000.0
1000.0
994.0
1000.0
1000.0
1000.0
791.0
1000.0
742.0
1000.0
1000.0
957.0
754.0
760.0
1000.0
349.0
1000.0
1000.0
1000.0
970.0
1000.0
996.0
997.0
998.0
1000.0
969.0
996.0
0.0
996.0
1000.0
1000.0
1000.0
770.0
1000.0
957.0
1000.0
994.0
1000.0
996.0
996.0
974.0
1000.0
975.0
1000.0
781.0
997.0
1000.0
785.0
910.0
1000.0
1000.0
23.0
1000.0
1000.0
1000.0
998.0
1000.0
1000.0
1000.0
1000.0
1000.0
1000.0
910.0
1000.0
1000.0
774.0
1000.0
994.0
1000.0
973.0
1000.0
994.0
998.0
1000.0
1000.0
1000.0
779.0
1000.0
836.0
1000.0
1000.0
1000.0
789.0
1000.0
969.0
998.0
1000.0
996.0
997.0
1000.0
995.0
1000.0
1000.0
1000.0
1000.0
1000.0
1000.0
1000.0
993.0
1000.0
1000.0
1000.0
999.0
994.0
998.0
999.0
999.0
1000.0
999.0
995.0
1000.0
1000.0
993.0
807.0
985.0
998.0
999.0
1000.0
1000.0
1000.0
1000.0
1000.0
997.0
997.0
999.0
1000.0
990.0
1000.0
1000.0
1000.0
965.0
990.0
1000.0
4.0
1000.0
978.0
1000.0
1000.0
3.0
1000.0
965.0
739.0
996.0
771.0
1000.0
993.0
987.0
993.0
651.0
1000.0
1000.0
1000.0
996.0
1000.0
993.0
800.0
995.0
1000.0
1000.0
1000.0
998.0
1000.0
680.0
783.0
995.0
1000.0
1000.0
791.0
1000.0
970.0
963.0
995.0
996.0
977.0
998.0
1000.0
1000.0
1000.0
1000.0
1000.0
1000.0
1000.0
1000.0
1000.0
1000.0
907.0
993.0
755.0
996.0
999.0
998.0
1000.0
999.0
1000.0
783.0
1000.0
792.0
765.0
1000.0
997.0
0.0
1000.0
996.0
1000.0
997.0
1000.0
999.0
1000.0
1000.0
1000.0
793.0
1000.0
999.0
985.0
982.0
788.0
1000.0
1000.0
993.0
890.0
959.0
1000.0
24.0
1000.0
1000.0
774.0
998.0
990.0
787.0
1000.0
999.0
997.0
1000.0
662.0
1000.0
1000.0
998.0
968.0
995.0
1000.0
1000.0
1000.0
993.0
1000.0
1000.0
1000.0
1000.0
997.0
1000.0
965.0
1000.0
1000.0
796.0
750.0
783.0
1000.0
1000.0
780.0
1000.0
773.0
1000.0
1000.0
1000.0
1000.0
1000.0
770.0
1000.0
1000.0
781.0
1000.0
972.0
780.0
766.0
779.0
966.0
801.0
1000.0
785.0
1000.0
996.0
0.0
772.0
997.0
974.0
1000.0
783.0
1000.0
1000.0
977.0
790.0
1000.0
1000.0
750.0
1000.0
1000.0
997.0
770.0
1000.0
1000.0
995.0
997.0
752.0
996.0
1000.0
1000.0
749.0
1000.0
990.0
1000.0
1000.0
1000.0
1000.0
1000.0
993.0
802.0
1000.0
789.0
768.0
983.0
778.0
1000.0
1000.0
657.0
881.0
1000.0
1000.0
1000.0
998.0
771.0
0.0
1000.0
1000.0
1000.0
1000.0
784.0
779.0
1000.0
1000.0
1000.0
778.0
708.0
996.0
1000.0
1000.0
999.0
1000.0
998.0
0.0
788.0
788.0
770.0
989.0
1000.0
1000.0
971.0
1000.0
961.0
1000.0
1000.0
1000.0
995.0
1000.0
997.0
1000.0
1000.0
2.0
994.0
1000.0
789.0
1000.0
1000.0
969.0
778.0
998.0
1000.0
718.0
1000.0
996.0
699.0
997.0
1000.0
808.0
775.0
957.0
993.0
1000.0
998.0
1000.0
998.0
1000.0
1000.0
990.0
961.0
993.0
989.0
1000.0
963.0
993.0
786.0
1000.0
75.0
770.0
999.0
422.0
750.0
0.0
998.0
1000.0
1000.0
1000.0
969.0
789.0
1000.0
1000.0
1000.0
1000.0
973.0
1000.0
1000.0
998.0
995.0
786.0
1000.0
999.0
1000.0
108.0
1000.0
770.0
774.0
975.0
995.0
1000.0
1000.0
998.0
777.0
1000.0
1000.0
999.0
794.0
1000.0
995.0
1000.0
1000.0
995.0
1000.0
999.0
997.0
963.0
892.0
802.0
1000.0
1000.0
994.0
999.0
1000.0
998.0
1000.0
825.0
994.0
1000.0
999.0
1000.0
1000.0
977.0
1000.0
1000.0
1000.0
1000.0
996.0
1000.0
995.0
768.0
1000.0
0.0
1000.0
1000.0
998.0
1000.0
790.0
1000.0
997.0
975.0
782.0
998.0
1000.0
994.0
1000.0
1000.0
1000.0
1000.0
766.0
1000.0
1000.0
722.0
994.0
1000.0
0.0
993.0
1000.0
996.0
1000.0
1000.0
996.0
907.0
994.0
1000.0
1000.0
783.0
787.0
999.0
995.0
998.0
1000.0
1000.0
998.0
1000.0
988.0
996.0
995.0
991.0
760.0
994.0
288.0
762.0
1000.0
995.0
764.0
1000.0
778.0
1000.0
792.0
1000.0
1000.0
1000.0
1000.0
998.0
0.0
994.0
1000.0
1000.0
796.0
1000.0
998.0
998.0
772.0
1000.0
789.0
993.0
1000.0
969.0
970.0
999.0
765.0
1000.0
0.0
1000.0
786.0
991.0
1000.0
1000.0
978.0
996.0
1000.0
1000.0
1000.0
1000.0
1000.0
1000.0
1000.0
1000.0
1000.0
1000.0
992.0
1000.0
1000.0
787.0
1000.0
1000.0
1000.0
1000.0
1000.0
1000.0
1000.0
630.0
1000.0
998.0
1000.0
1000.0
1000.0
801.0
995.0
790.0
1000.0
999.0
915.0
1000.0
780.0
994.0
1000.0
1000.0
1000.0
776.0
1000.0
997.0
1000.0
998.0
1000.0
1000.0
1000.0
1000.0
1000.0
1000.0
1000.0
1000.0
785.0
854.0
996.0
998.0
985.0
1000.0
12.0
768.0
1000.0
919.0
965.0
1000.0
1000.0
899.0
1000.0
1000.0
1000.0
1000.0
1000.0
0.0
1000.0
983.0
135.0
1000.0
996.0
973.0
986.0
0.0
1000.0
1000.0
999.0
1000.0
885.0
766.0
961.0
206.0
1000.0
798.0
1000.0
1000.0
1000.0
999.0
994.0
1000.0
1000.0
997.0
1000.0
1000.0
1000.0
973.0
1000.0
799.0
996.0
746.0
779.0
1000.0
993.0
991.0
1000.0
1000.0
1000.0
995.0
999.0
995.0
999.0
1000.0
1000.0
1000.0
1000.0
1000.0
1000.0
1000.0
1000.0
1000.0
1000.0
996.0
1000.0
964.0
1000.0
773.0
996.0
1000.0
2.0
996.0
913.0
1000.0
1000.0
1000.0
999.0
1000.0
1000.0
1000.0
966.0
1000.0
697.0
1000.0
995.0
1000.0
976.0
775.0
993.0
1000.0
1000.0
1000.0
995.0
1000.0
761.0
999.0
1000.0
1000.0
1000.0
1000.0
0.0
994.0
1000.0
992.0
1000.0
986.0
995.0
1000.0
1000.0
985.0
764.0
1000.0
1000.0
1000.0
1000.0
953.0
997.0
977.0
1000.0
1000.0
998.0
995.0
992.0
1000.0
0.0
1000.0
0.0
1000.0
991.0
998.0
98.0
773.0
701.0
1000.0
1000.0
996.0
1000.0
998.0
1000.0
703.0
995.0
0.0
998.0
1000.0
191.0
1000.0
1000.0
1000.0
213.0
975.0
128.0
971.0
1000.0
1000.0
1000.0
1000.0
773.0
1000.0
1000.0
1000.0
1000.0
1000.0
1000.0
1000.0
0.0
0.0
114.0
1000.0
1000.0
995.0
1000.0
995.0
1000.0
1000.0
1000.0
993.0
1000.0
1000.0
1000.0
500.0
774.0
967.0
994.0
999.0
994.0
995.0
125.0
1000.0
1000.0
1000.0
757.0
971.0
993.0
1000.0
1000.0
797.0
999.0
999.0
1000.0
1000.0
1000.0
1000.0
1000.0
1000.0
996.0
997.0
1000.0
1000.0
997.0
993.0
1000.0
785.0
994.0
967.0
1000.0
1000.0
980.0
1000.0
1000.0
789.0
1000.0
1000.0
962.0
1000.0
1000.0
1000.0
1000.0
1000.0
779.0
995.0
1000.0
757.0
1000.0
969.0
1000.0
998.0
773.0
994.0
782.0
567.0
0.0
787.0
968.0
999.0
1000.0
787.0
998.0
1000.0
1000.0
992.0
1000.0
1000.0
1000.0
1000.0
722.0
0.0
1000.0
1000.0
1000.0
996.0
777.0
793.0
796.0
1000.0
998.0
1000.0
0.0
791.0
1000.0
1000.0
1000.0
971.0
771.0
970.0
1000.0
780.0
1000.0
795.0
1000.0
1000.0
1000.0
1000.0
1000.0
996.0
995.0
977.0
777.0
1000.0
1000.0
997.0
1000.0
0.0
1000.0
995.0
996.0
994.0
1000.0
977.0
996.0
956.0
972.0
960.0
1000.0
1000.0
1000.0
780.0
1000.0
993.0
1000.0
0.0
1000.0
996.0
785.0
1000.0
1000.0
1000.0
910.0
128.0
995.0
1000.0
1000.0
1000.0
1000.0
1000.0
1000.0
1000.0
999.0
0.0
86.0
1000.0
772.0
798.0
1000.0
1000.0
1000.0
1000.0
976.0
783.0
0.0
1000.0
1000.0
803.0
1000.0
1000.0
1000.0
1000.0
1000.0
32.0
1000.0
680.0
1000.0
1000.0
1000.0
791.0
1000.0
967.0
1000.0
1000.0
1000.0
1000.0
728.0
1000.0
995.0
1000.0
30.0
997.0
1000.0
1000.0
996.0
1000.0
779.0
1000.0
768.0
999.0
1000.0
242.0
996.0
1000.0
1000.0
1000.0
1000.0
975.0
1000.0
790.0
1000.0
978.0
995.0
1000.0
996.0
1000.0
1000.0
1000.0
1000.0
767.0
884.0
995.0
1000.0
1000.0
1000.0
1000.0
1000.0
1000.0
1000.0
1000.0
784.0
996.0
1000.0
1000.0
0.0
1000.0
999.0
1000.0
798.0
1000.0
965.0
1000.0
1000.0
1000.0
1000.0
1000.0
1000.0
792.0
996.0
997.0
1000.0
758.0
0.0
1000.0
1000.0
1000.0
1000.0
1000.0
975.0
1000.0
792.0
971.0
1000.0
1000.0
77.0
1000.0
1000.0
993.0
999.0
995.0
946.0
1000.0
1000.0
1000.0
971.0
972.0
1000.0
1000.0
1000.0
995.0
1000.0
760.0
999.0
0.0
1000.0
783.0
788.0
0.0
1000.0
1000.0
1000.0
1000.0
1000.0
980.0
690.0
774.0
1000.0
703.0
1000.0
1000.0
1000.0
1000.0
991.0
1000.0
966.0
1000.0
998.0
991.0
971.0
998.0
1000.0
1000.0
996.0
998.0
1000.0
1000.0
1000.0
966.0
1000.0
1000.0
0.0
998.0
1000.0
1000.0
997.0
1000.0
1000.0
999.0
997.0
997.0
997.0
990.0
752.0
1000.0
993.0
969.0
1000.0
777.0
1000.0
633.0
1000.0
1000.0
998.0
995.0
1000.0
1000.0
993.0
1000.0
943.0
810.0
1000.0
1000.0
998.0
994.0
794.0
1000.0
1000.0
996.0
1000.0
1000.0
961.0
767.0
972.0
782.0
1000.0
782.0
999.0
997.0
1000.0
1000.0
1000.0
698.0
1000.0
0.0
1000.0
1000.0
1000.0
995.0
1000.0
768.0
782.0
876.0
1000.0
1000.0
1000.0
1000.0
996.0
1000.0
999.0
1000.0
1000.0
997.0
1000.0
1000.0
1000.0
0.0
998.0
0.0
1000.0
1000.0
1000.0
991.0
779.0
1000.0
783.0
775.0
100.0
0.0
731.0
1000.0
1000.0
997.0
768.0
1000.0
56.0
1000.0
990.0
1000.0
1000.0
1000.0
998.0
897.0
1000.0
778.0
1000.0
1000.0
1000.0
1000.0
1000.0
753.0
1000.0
1000.0
1000.0
991.0
1000.0
1000.0
774.0
992.0
8.0
1000.0
985.0
1000.0
39.0
969.0
757.0
994.0
995.0
0.0
994.0
786.0
714.0
995.0
991.0
1000.0
1000.0
1000.0
770.0
1000.0
436.0
808.0
999.0
61.0
757.0
998.0
779.0
745.0
787.0
1000.0
973.0
1000.0
787.0
704.0
778.0
975.0
761.0
1000.0
1000.0
1000.0
997.0
778.0
1000.0
969.0
1000.0
999.0
1000.0
1000.0
997.0
998.0
1000.0
757.0
970.0
0.0
1000.0
0.0
997.0
1000.0
999.0
1000.0
785.0
1000.0
1000.0
825.0
996.0
788.0
998.0
1000.0
1000.0
1000.0
1000.0
1000.0
917.0
765.0
1000.0
993.0
1000.0
874.0
1000.0
760.0
999.0
949.0
1000.0
1000.0
999.0
1000.0
1000.0
782.0
999.0
1000.0
1000.0
997.0
1000.0
1000.0
1000.0
770.0
1000.0
1000.0
761.0
0.0
975.0
969.0
996.0
1000.0
1000.0
773.0
995.0
989.0
1000.0
997.0
1000.0
681.0
999.0
910.0
1000.0
1000.0
764.0
241.0
1000.0
772.0
2.0
1000.0
765.0
756.0
923.0
1000.0
898.0
782.0
997.0
1000.0
1000.0
1000.0
902.0
1000.0
998.0
999.0
1000.0
967.0
1000.0
778.0
1000.0
998.0
914.0
1000.0
1000.0
1000.0
1000.0
1000.0
997.0
998.0
1000.0
1000.0
1000.0
785.0
971.0
1000.0
1000.0
993.0
967.0
969.0
1000.0
999.0
544.0
1000.0
1000.0
996.0
1000.0
1000.0
715.0
895.0
767.0
1000.0
0.0
1000.0
998.0
784.0
1000.0
1000.0
1000.0
1000.0
992.0
1000.0
1000.0
1000.0
994.0
997.0
792.0
184.0
771.0
1000.0
902.0
1000.0
5.0
992.0
1000.0
1000.0
999.0
1000.0
1000.0
999.0
1000.0
1000.0
795.0
1000.0
985.0
1000.0
774.0
1000.0
989.0
1000.0
965.0
1000.0
1000.0
990.0
1000.0
1000.0
995.0
1000.0
964.0
962.0
997.0
1000.0
998.0
1000.0
1000.0
999.0
1000.0
1000.0
1000.0
1000.0
1000.0
789.0
1000.0
998.0
777.0
770.0
994.0
996.0
1000.0
1000.0
776.0
1000.0
1000.0
997.0
997.0
996.0
802.0
1000.0
999.0
1000.0
999.0
771.0
990.0
1000.0
0.0
780.0
909.0
996.0
963.0
719.0
1000.0
974.0
1000.0
996.0
787.0
998.0
490.0
1000.0
998.0
998.0
1000.0
761.0
1000.0
997.0
1000.0
997.0
994.0
1000.0
958.0
976.0
771.0
780.0
999.0
758.0
1000.0
0.0
1000.0
769.0
0.0
999.0
1000.0
1000.0
1000.0
1000.0
993.0
1000.0
1000.0
995.0
995.0
991.0
1000.0
988.0
1000.0
782.0
1000.0
1000.0
997.0
1000.0
782.0
1000.0
702.0
970.0
1000.0
1000.0
1000.0
1000.0
1000.0
1000.0
1000.0
765.0
1000.0
993.0
774.0
774.0
1000.0
0.0
1000.0
1000.0
784.0
1000.0
997.0
1000.0
998.0
1000.0
762.0
1000.0
759.0
1000.0
996.0
994.0
1000.0
998.0
1000.0
1000.0
997.0
1000.0
757.0
1000.0
998.0
974.0
1000.0
969.0
1000.0
1000.0
911.0
1000.0
999.0
1000.0
1000.0
893.0
969.0
1000.0
110.0
996.0
1000.0
995.0
789.0
974.0
770.0
774.0
788.0
996.0
777.0
1000.0
1000.0
1000.0
989.0
1000.0
1000.0
690.0
1000.0
971.0
974.0
1000.0
995.0
996.0
1000.0
1000.0
1000.0
790.0
537.0
1000.0
1000.0
779.0
1000.0
985.0
776.0
999.0
809.0
897.0
975.0
1000.0
0.0
962.0
748.0
1000.0
997.0
1000.0
1000.0
1000.0
1000.0
1000.0
780.0
982.0
771.0
1000.0
1000.0
1000.0
1000.0
760.0
1000.0
995.0
1000.0
1000.0
998.0
1000.0
1000.0
1000.0
1000.0
982.0
991.0
1000.0
1000.0
990.0
1000.0
790.0
1000.0
1000.0
999.0
1000.0
1000.0
1000.0
775.0
904.0
714.0
687.0
1000.0
1000.0
1000.0
1000.0
0.0
1000.0
970.0
1000.0
1000.0
1000.0
0.0
1000.0
996.0
996.0
1000.0
959.0
969.0
958.0
994.0
1000.0
998.0
991.0
926.0
994.0
990.0
973.0
794.0
993.0
1000.0
1000.0
993.0
1000.0
995.0
723.0
999.0
1000.0
998.0
1000.0
1000.0
1000.0
1000.0
1000.0
995.0
987.0
995.0
1000.0
1000.0
1000.0
1000.0
996.0
1000.0
1000.0
791.0
44.0
1000.0
730.0
996.0
759.0
771.0
996.0
995.0
779.0
1000.0
974.0
999.0
1000.0
1000.0
1000.0
1000.0
1000.0
1000.0
995.0
1000.0
992.0
939.0
1000.0
544.0
1000.0
1000.0
1000.0
1000.0
1000.0
1000.0
994.0
1000.0
791.0
0.0
1000.0
785.0
766.0
1000.0
999.0
1000.0
973.0
110.0
1000.0
116.0
1000.0
1000.0
1000.0
1000.0
1000.0
998.0
1000.0
962.0
995.0
999.0
1000.0
771.0
1000.0
792.0
1000.0
1000.0
1000.0
1000.0
267.0
1000.0
1000.0
755.0
1000.0
1000.0
12.0
709.0
1000.0
1000.0
992.0
1000.0
1000.0
999.0
996.0
1000.0
999.0
993.0
999.0
998.0
766.0
797.0
1000.0
1000.0
1000.0
774.0
1000.0
1000.0
1000.0
1000.0
1000.0
1000.0
997.0
1000.0
759.0
995.0
970.0
997.0
1000.0
1000.0
997.0
972.0
1000.0
1000.0
1000.0
1000.0
764.0
121.0
996.0
1000.0
19.0
1000.0
970.0
39.0
1000.0
994.0
785.0
96.0
730.0
967.0
788.0
0.0
999.0
1000.0
1000.0
998.0
1000.0
1000.0
763.0
1000.0
1000.0
791.0
996.0
957.0
785.0
770.0
115.0
999.0
0.0
997.0
992.0
1000.0
1000.0
1000.0
1000.0
993.0
1000.0
1000.0
994.0
1000.0
983.0
1000.0
999.0
998.0
1000.0
997.0
1000.0
764.0
1000.0
1000.0
997.0
1000.0
1000.0
781.0
934.0
1000.0
1000.0
758.0
1000.0
1000.0
0.0
1000.0
3.0
1000.0
0.0
1000.0
966.0
1000.0
0.0
996.0
0.0
997.0
996.0
1000.0
1000.0
1000.0
780.0
1000.0
1000.0
1000.0
996.0
1000.0
1000.0
1000.0
997.0
997.0
1000.0
1000.0
1000.0
770.0
957.0
999.0
1000.0
996.0
1000.0
952.0
0.0
1000.0
999.0
1000.0
1000.0
1000.0
756.0
1000.0
723.0
1000.0
1000.0
999.0
992.0
781.0
963.0
814.0
1000.0
1000.0
1000.0
998.0
1000.0
971.0
1000.0
1000.0
1000.0
1000.0
776.0
1000.0
0.0
996.0
998.0
751.0
9.0
973.0
965.0
961.0
1000.0
1000.0
1000.0
1000.0
1000.0
998.0
782.0
952.0
13.0
966.0
1000.0
970.0
1000.0
1000.0
995.0
961.0
911.0
995.0
1000.0
1000.0
1000.0
690.0
762.0
1000.0
553.0
1000.0
1000.0
1000.0
1000.0
991.0
993.0
16.0
1000.0
775.0
1000.0
981.0
794.0
1000.0
99.0
968.0
1000.0
1000.0
1000.0
999.0
925.0
986.0
1000.0
753.0
1000.0
996.0
789.0
995.0
770.0
1000.0
1000.0
999.0
777.0
964.0
1000.0
799.0
997.0
996.0
1000.0
1000.0
763.0
690.0
999.0
965.0
967.0
990.0
1000.0
1000.0
1000.0
753.0
999.0
994.0
1000.0
1000.0
999.0
1000.0
997.0
1000.0
1000.0
991.0
996.0
772.0
0.0
1000.0
995.0
992.0
997.0
0.0
1000.0
791.0
1000.0
1000.0
1000.0
1000.0
998.0
999.0
780.0
758.0
1000.0
994.0
965.0
1000.0
1000.0
995.0
1000.0
1000.0
1000.0
1000.0
321.0
994.0
773.0
772.0
1000.0
1000.0
793.0
1000.0
1000.0
957.0
1000.0
1000.0
994.0
995.0
935.0
969.0
744.0
997.0
241.0
999.0
1000.0
1000.0
795.0
1000.0
1000.0
1.0
992.0
996.0
1000.0
975.0
1000.0
711.0
1000.0
918.0
997.0
964.0
1000.0
538.0
797.0
1000.0
1000.0
0.0
1000.0
1000.0
759.0
1000.0
1000.0
772.0
1000.0
985.0
1000.0
956.0
989.0
998.0
0.0
1000.0
1000.0
1000.0
994.0
957.0
990.0
965.0
774.0
781.0
730.0
754.0
992.0
1000.0
999.0
1000.0
939.0
0.0
1000.0
873.0
1000.0
97.0
766.0
998.0
1000.0
836.0
994.0
754.0
1000.0
998.0
997.0
998.0
1000.0
796.0
0.0
1000.0
995.0
896.0
973.0
767.0
1000.0
995.0
899.0
999.0
1000.0
995.0
999.0
1000.0
972.0
779.0
1000.0
1000.0
972.0
1000.0
1000.0
999.0
1000.0
1000.0
1000.0
995.0
1000.0
1000.0
774.0
1000.0
1000.0
1000.0
1000.0
897.0
1000.0
999.0
0.0
995.0
1000.0
240.0
995.0
997.0
995.0
1000.0
1000.0
1000.0
1000.0
1000.0
914.0
976.0
773.0
780.0
0.0
1000.0
997.0
1000.0
775.0
1000.0
1000.0
1000.0
947.0
1000.0
1000.0
0.0
994.0
1000.0
1000.0
999.0
999.0
778.0
1000.0
1000.0
999.0
1000.0
996.0
1000.0
775.0
1000.0
969.0
800.0
998.0
1000.0
1000.0
1000.0
1000.0
1.0
1000.0
636.0
996.0
1000.0
1000.0
1000.0
999.0
996.0
773.0
995.0
474.0
1000.0
795.0
1000.0
1000.0
1000.0
1000.0
961.0
1000.0
768.0
1000.0
1000.0
1000.0
1000.0
1000.0
897.0
1000.0
997.0
1000.0
779.0
782.0
994.0
0.0
785.0
782.0
1000.0
1000.0
965.0
1000.0
763.0
1000.0
922.0
788.0
1000.0
1000.0
1000.0
1000.0
451.0
997.0
1000.0
755.0
1000.0
1000.0
996.0
997.0
993.0
974.0
1000.0
995.0
1000.0
1000.0
784.0
784.0
996.0
993.0
116.0
1000.0
993.0
775.0
999.0
997.0
756.0
1000.0
1000.0
1000.0
998.0
768.0
775.0
770.0
997.0
1000.0
998.0
801.0
994.0
778.0
998.0
1000.0
1000.0
790.0
780.0
974.0
990.0
996.0
1000.0
40.0
760.0
800.0
996.0
995.0
777.0
1000.0
970.0
1000.0
1000.0
775.0
1000.0
719.0
1000.0
977.0
990.0
101.0
970.0
1000.0
998.0
967.0
768.0
997.0
662.0
991.0
975.0
782.0
1000.0
997.0
965.0
1000.0
997.0
1000.0
999.0
1000.0
1000.0
997.0
997.0
718.0
997.0
998.0
1000.0
998.0
793.0
1000.0
1000.0
779.0
1000.0
756.0
769.0
1000.0
1000.0
1000.0
1000.0
999.0
1000.0
961.0
770.0
778.0
1000.0
792.0
1000.0
1000.0
1000.0
1000.0
1000.0
1000.0
999.0
678.0
999.0
1000.0
996.0
774.0
797.0
847.0
1000.0
783.0
1000.0
999.0
797.0
994.0
1000.0
1000.0
993.0
1000.0
1000.0
792.0
1000.0
1000.0
995.0
1000.0
1000.0
732.0
66.0
71.0
1000.0
1000.0
1000.0
776.0
995.0
1000.0
690.0
1000.0
1000.0
1000.0
997.0
1000.0
1000.0
1000.0
779.0
1000.0
1000.0
1000.0
965.0
997.0
998.0
0.0
741.0
1000.0
1000.0
994.0
999.0
1000.0
1000.0
984.0
1000.0
752.0
1000.0
1000.0
999.0
995.0
1000.0
1000.0
994.0
795.0
1000.0
996.0
996.0
1000.0
771.0
999.0
983.0
770.0
1000.0
1000.0
994.0
1000.0
1000.0
1000.0
768.0
1000.0
1000.0
964.0
792.0
981.0
1000.0
1000.0
1000.0
968.0
1000.0
999.0
999.0
1000.0
1000.0
970.0
1000.0
1000.0
1000.0
1000.0
1000.0
1000.0
1000.0
769.0
997.0
975.0
994.0
753.0
798.0
1000.0
995.0
753.0
1000.0
992.0
1000.0
1000.0
991.0
794.0
996.0
999.0
998.0
997.0
64.0
1000.0
967.0
996.0
995.0
965.0
1000.0
0.0
940.0
997.0
1000.0
1000.0
1000.0
1000.0
1000.0
994.0
5.0
786.0
707.0
1000.0
1000.0
12.0
801.0
997.0
999.0
966.0
780.0
1000.0
955.0
998.0
784.0
1000.0
973.0
795.0
1000.0
768.0
954.0
786.0
1000.0
1000.0
985.0
1000.0
768.0
764.0
996.0
1000.0
786.0
1000.0
823.0
969.0
1000.0
894.0
1000.0
1000.0
969.0
999.0
973.0
777.0
996.0
999.0
997.0
988.0
994.0
1000.0
994.0
1000.0
999.0
999.0
997.0
1000.0
1000.0
995.0
1000.0
1000.0
994.0
753.0
1000.0
996.0
1000.0
0.0
997.0
56.0
1000.0
786.0
1000.0
999.0
996.0
957.0
997.0
1000.0
1000.0
1000.0
1000.0
672.0
995.0
1000.0
756.0
1000.0
1000.0
1000.0
1000.0
769.0
1000.0
1000.0
997.0
1000.0
922.0
994.0
970.0
1000.0
1000.0
781.0
1000.0
1000.0
998.0
790.0
1000.0
798.0
994.0
784.0
787.0
1000.0
1000.0
1000.0
1000.0
1000.0
990.0
0.0
1000.0
970.0
898.0
1000.0
1000.0
1000.0
996.0
974.0
977.0
0.0
1000.0
1000.0
1000.0
993.0
1000.0
785.0
1000.0
1000.0
1000.0
996.0
991.0
1000.0
1000.0
762.0
1000.0
1000.0
1000.0
998.0
996.0
771.0
402.0
1000.0
996.0
1000.0
789.0
163.0
1000.0
963.0
999.0
1000.0
1000.0
1000.0
1000.0
772.0
996.0
1000.0
158.0
1000.0
0.0
993.0
1000.0
1000.0
998.0
998.0
1000.0
801.0
1000.0
1000.0
1000.0
1000.0
967.0
1000.0
1000.0
1000.0
1000.0
1000.0
996.0
397.0
996.0
1000.0
967.0
1000.0
996.0
986.0
1000.0
998.0
997.0
1000.0
796.0
1000.0
743.0
24.0
1000.0
1000.0
970.0
790.0
1000.0
1000.0
908.0
953.0
1000.0
1000.0
1000.0
772.0
1000.0
999.0
1000.0
994.0
903.0
997.0
1000.0
798.0
781.0
997.0
977.0
998.0
1000.0
763.0
1000.0
965.0
908.0
998.0
977.0
1000.0
1000.0
994.0
792.0
1000.0
971.0
12.0
996.0
996.0
1000.0
1000.0
1000.0
903.0
995.0
962.0
998.0
1000.0
1000.0
998.0
994.0
1000.0
1000.0
997.0
0.0
1000.0
1000.0
969.0
781.0
1000.0
720.0
1000.0
993.0
1000.0
995.0
781.0
898.0
1000.0
766.0
1000.0
781.0
761.0
1000.0
684.0
1000.0
995.0
996.0
998.0
1000.0
995.0
1000.0
996.0
913.0
1000.0
994.0
0.0
969.0
1000.0
1000.0
1000.0
1000.0
1000.0
0.0
777.0
960.0
779.0
996.0
1000.0
1000.0
1000.0
1000.0
997.0
995.0
766.0
1000.0
10.0
1000.0
1000.0
996.0
1000.0
1000.0
1000.0
919.0
1000.0
996.0
962.0
997.0
996.0
1000.0
1000.0
800.0
955.0
997.0
1000.0
995.0
1000.0
1000.0
1000.0
54.0
1000.0
1000.0
1000.0
1000.0
1000.0
998.0
760.0
915.0
1000.0
1000.0
1000.0
1000.0
1000.0
775.0
996.0
995.0
995.0
1000.0
791.0
1000.0
999.0
1000.0
1000.0
981.0
699.0
804.0
790.0
997.0
999.0
995.0
989.0
792.0
772.0
908.0
775.0
963.0
1000.0
985.0
991.0
787.0
775.0
803.0
783.0
998.0
758.0
1000.0
993.0
988.0
964.0
997.0
1000.0
997.0
999.0
996.0
1000.0
994.0
997.0
1000.0
775.0
696.0
1000.0
1000.0
1000.0
1000.0
1000.0
1000.0
1000.0
1000.0
777.0
760.0
968.0
997.0
87.0
1000.0
1000.0
784.0
953.0
1000.0
1000.0
1000.0
779.0
999.0
995.0
961.0
753.0
1000.0
971.0
1000.0
32.0
1000.0
996.0
1000.0
999.0
1000.0
791.0
995.0
964.0
995.0
1000.0
766.0
777.0
999.0
1000.0
1000.0
0.0
1000.0
1000.0
1000.0
1000.0
992.0
790.0
995.0
1000.0
1000.0
1000.0
1000.0
999.0
777.0
1000.0
961.0
999.0
0.0
1000.0
768.0
971.0
783.0
1000.0
959.0
996.0
1000.0
798.0
999.0
994.0
727.0
1000.0
989.0
1000.0
1000.0
1000.0
1000.0
1000.0
1000.0
1000.0
990.0
1000.0
52.0
1000.0
1000.0
1000.0
995.0
1000.0
1000.0
997.0
994.0
995.0
995.0
1000.0
1000.0
1000.0
995.0
998.0
1000.0
907.0
1000.0
1000.0
791.0
0.0
1000.0
0.0
309.0
1000.0
1000.0
1000.0
1000.0
785.0
762.0
1000.0
1000.0
1000.0
997.0
963.0
806.0
1000.0
1000.0
1000.0
969.0
746.0
1000.0
762.0
996.0
1000.0
1000.0
793.0
1000.0
996.0
1000.0
768.0
760.0
998.0
1000.0
1000.0
994.0
1000.0
748.0
1000.0
999.0
1000.0
1000.0
1000.0
1000.0
792.0
1000.0
786.0
1000.0
1000.0
963.0
1000.0
746.0
1000.0
990.0
996.0
984.0
1000.0
999.0
327.0
999.0
1000.0
1000.0
1000.0
1000.0
1000.0
0.0
737.0
1000.0
1000.0
146.0
961.0
995.0
1000.0
999.0
1000.0
995.0
1000.0
770.0
997.0
1000.0
1000.0
991.0
769.0
1000.0
1000.0
774.0
996.0
1000.0
0.0
994.0
1000.0
999.0
997.0
101.0
998.0
1000.0
999.0
991.0
1000.0
14.0
1000.0
998.0
996.0
1000.0
999.0
1000.0
1000.0
988.0
753.0
1000.0
1000.0
995.0
1000.0
767.0
999.0
1000.0
1000.0
1000.0
1000.0
787.0
996.0
978.0
907.0
985.0
999.0
1000.0
1000.0
771.0
1000.0
1000.0
997.0
1000.0
1000.0
993.0
1000.0
956.0
1000.0
1000.0
910.0
1000.0
772.0
1000.0
777.0
969.0
993.0
997.0
995.0
782.0
765.0
1000.0
1000.0
998.0
1000.0
1000.0
1000.0
775.0
1000.0
998.0
775.0
773.0
998.0
999.0
915.0
421.0
775.0
916.0
1000.0
1000.0
1000.0
999.0
963.0
986.0
1000.0
996.0
991.0
742.0
1000.0
1000.0
1000.0
1000.0
997.0
1000.0
992.0
999.0
703.0
976.0
778.0
998.0
20.0
997.0
792.0
971.0
1000.0
1000.0
995.0
1000.0
996.0
1000.0
995.0
995.0
962.0
1000.0
780.0
789.0
797.0
962.0
867.0
999.0
1000.0
1000.0
476.0
1000.0
366.0
984.0
997.0
759.0
999.0
1000.0
790.0
744.0
950.0
1000.0
900.0
1000.0
1000.0
789.0
775.0
1000.0
779.0
991.0
1000.0
783.0
997.0
1000.0
1000.0
1000.0
1000.0
992.0
1000.0
770.0
1000.0
969.0
960.0
1000.0
997.0
996.0
254.0
996.0
784.0
1000.0
0.0
1000.0
748.0
1000.0
1000.0
800.0
1000.0
1000.0
1000.0
995.0
999.0
996.0
995.0
783.0
1000.0
954.0
0.0
572.0
1000.0
1000.0
722.0
997.0
1000.0
962.0
992.0
1000.0
744.0
1000.0
769.0
990.0
1000.0
1000.0
776.0
772.0
968.0
1000.0
1000.0
909.0
995.0
993.0
997.0
1000.0
44.0
1000.0
799.0
1000.0
998.0
1000.0
993.0
1000.0
997.0
878.0
331.0
1000.0
1000.0
770.0
994.0
983.0
793.0
1000.0
999.0
996.0
1000.0
1000.0
996.0
997.0
997.0
778.0
996.0
1000.0
1000.0
1000.0
1000.0
760.0
990.0
1000.0
1000.0
716.0
1000.0
953.0
1000.0
995.0
996.0
955.0
994.0
784.0
969.0
1000.0
712.0
770.0
965.0
1000.0
58.0
766.0
997.0
1000.0
1000.0
1000.0
52.0
997.0
1000.0
98.0
856.0
778.0
1000.0
1000.0
981.0
788.0
1000.0
993.0
0.0
995.0
1000.0
1000.0
1000.0
1000.0
1000.0
1000.0
991.0
1000.0
911.0
993.0
1000.0
996.0
787.0
1000.0
993.0
771.0
781.0
731.0
1000.0
800.0
696.0
1000.0
1000.0
1000.0
999.0
974.0
785.0
910.0
977.0
1000.0
1000.0
994.0
0.0
1000.0
1000.0
778.0
775.0
748.0
1000.0
999.0
1000.0
1000.0
978.0
1000.0
765.0
1000.0
998.0
996.0
968.0
713.0
994.0
768.0
1000.0
0.0
802.0
1000.0
972.0
1000.0
1000.0
993.0
779.0
158.0
766.0
1000.0
996.0
997.0
1000.0
992.0
1000.0
997.0
997.0
1000.0
997.0
1000.0
982.0
971.0
997.0
765.0
1000.0
1000.0
1000.0
1000.0
1000.0
1000.0
1000.0
761.0
1000.0
1000.0
1000.0
1000.0
1000.0
1000.0
212.0
967.0
1000.0
1000.0
1000.0
1000.0
1000.0
997.0
999.0
1000.0
1000.0
1000.0
995.0
1000.0
995.0
1000.0
1000.0
996.0
1000.0
1000.0
981.0
1000.0
1000.0
636.0
998.0
768.0
784.0
1000.0
759.0
792.0
1000.0
999.0
999.0
954.0
772.0
793.0
777.0
750.0
1000.0
1000.0
768.0
1000.0
994.0
998.0
780.0
792.0
1000.0
995.0
997.0
1000.0
788.0
1000.0
1000.0
991.0
1000.0
996.0
1000.0
1000.0
279.0
995.0
436.0
785.0
996.0
1000.0
1000.0
779.0
1000.0
1000.0
963.0
1000.0
998.0
782.0
995.0
999.0
958.0
1000.0
1000.0
775.0
574.0
777.0
1000.0
1000.0
1000.0
974.0
991.0
1000.0
771.0
996.0
983.0
1000.0
996.0
713.0
778.0
1000.0
0.0
783.0
968.0
1000.0
1000.0
1000.0
999.0
1000.0
994.0
983.0
1000.0
999.0
1000.0
1000.0
974.0
997.0
968.0
983.0
964.0
1000.0
777.0
1000.0
777.0
998.0
1000.0
1000.0
1000.0
995.0
1000.0
1000.0
780.0
798.0
1000.0
1000.0
763.0
1000.0
1000.0
775.0
1000.0
992.0
673.0
1000.0
33.0
1000.0
1000.0
996.0
962.0
1000.0
57.0
779.0
999.0
989.0
996.0
771.0
1000.0
0.0
767.0
0.0
999.0
126.0
1000.0
18.0
775.0
996.0
1000.0
999.0
930.0
999.0
1000.0
799.0
1000.0
1000.0
1000.0
783.0
1000.0
1000.0
1000.0
996.0
1000.0
120.0
971.0
973.0
775.0
1000.0
967.0
1000.0
111.0
996.0
682.0
775.0
988.0
1000.0
993.0
0.0
1000.0
1000.0
0.0
1000.0
1000.0
995.0
1000.0
991.0
997.0
778.0
1000.0
968.0
967.0
752.0
775.0
1000.0
1000.0
463.0
1000.0
1000.0
959.0
1000.0
752.0
777.0
996.0
962.0
1000.0
1000.0
996.0
996.0
992.0
994.0
905.0
1000.0
992.0
1000.0
999.0
999.0
1000.0
983.0
1000.0
995.0
734.0
899.0
994.0
995.0
0.0
773.0
790.0
995.0
1000.0
1000.0
1000.0
989.0
785.0
997.0
1000.0
979.0
998.0
115.0
1000.0
966.0
996.0
1000.0
994.0
1000.0
749.0
1000.0
775.0
886.0
1000.0
956.0
996.0
1000.0
727.0
1000.0
965.0
994.0
1000.0
798.0
999.0
752.0
1000.0
955.0
1000.0
890.0
1000.0
1000.0
997.0
0.0
0.0
999.0
995.0
1000.0
1000.0
1000.0
50.0
972.0
1000.0
995.0
976.0
1000.0
740.0
703.0
997.0
1000.0
1000.0
1000.0
952.0
0.0
718.0
1000.0
974.0
1000.0
972.0
1000.0
998.0
995.0
999.0
764.0
998.0
964.0
1000.0
958.0
696.0
769.0
10.0
1000.0
1000.0
1000.0
995.0
1000.0
901.0
1000.0
995.0
983.0
996.0
997.0
1000.0
969.0
1000.0
185.0
998.0
1000.0
798.0
1000.0
1000.0
777.0
1000.0
1000.0
1000.0
976.0
1000.0
1000.0
947.0
999.0
993.0
995.0
1000.0
993.0
998.0
1000.0
998.0
51.0
767.0
1000.0
1000.0
1000.0
761.0
0.0
1000.0
993.0
21.0
1000.0
1000.0
995.0
1000.0
997.0
984.0
779.0
765.0
1000.0
1000.0
994.0
784.0
1000.0
1000.0
1000.0
995.0
765.0
968.0
1000.0
1000.0
707.0
968.0
994.0
1000.0
867.0
976.0
1000.0
1000.0
1000.0
725.0
671.0
781.0
996.0
1000.0
983.0
999.0
760.0
1000.0
999.0
957.0
1000.0
1000.0
783.0
976.0
1000.0
1000.0
994.0
1000.0
998.0
701.0
1000.0
976.0
1000.0
1000.0
981.0
994.0
1000.0
783.0
995.0
164.0
986.0
995.0
1000.0
957.0
1000.0
1000.0
1000.0
783.0
995.0
773.0
978.0
996.0
1000.0
991.0
998.0
1000.0
997.0
714.0
1000.0
970.0
998.0
1000.0
961.0
1000.0
999.0
995.0
1000.0
1000.0
992.0
1000.0
1000.0
995.0
1000.0
1000.0
1000.0
1000.0
340.0
993.0
17.0
968.0
1000.0
1000.0
1000.0
998.0
1000.0
1000.0
999.0
996.0
995.0
990.0
1000.0
1000.0
1000.0
774.0
769.0
997.0
1000.0
1000.0
1000.0
778.0
677.0
995.0
993.0
1000.0
997.0
761.0
991.0
900.0
1000.0
996.0
997.0
784.0
999.0
1000.0
999.0
998.0
997.0
996.0
998.0
908.0
1000.0
1000.0
960.0
1000.0
780.0
770.0
784.0
786.0
919.0
968.0
964.0
775.0
985.0
1000.0
972.0
795.0
1000.0
1000.0
318.0
1000.0
999.0
998.0
898.0
714.0
777.0
1000.0
1000.0
1000.0
996.0
970.0
1000.0
797.0
780.0
980.0
814.0
770.0
131.0
1000.0
996.0
1000.0
1000.0
1000.0
772.0
1000.0
1000.0
779.0
758.0
978.0
1000.0
972.0
1000.0
993.0
997.0
1000.0
904.0
999.0
1000.0
925.0
997.0
1000.0
778.0
1000.0
1000.0
996.0
1000.0
1000.0
788.0
967.0
1000.0
1000.0
996.0
126.0
777.0
997.0
1000.0
1000.0
762.0
995.0
1000.0
1000.0
1000.0
1000.0
1000.0
1000.0
995.0
993.0
922.0
1000.0
1000.0
1000.0
0.0
966.0
990.0
965.0
968.0
1000.0
1000.0
998.0
998.0
1000.0
156.0
648.0
1000.0
996.0
996.0
1000.0
1000.0
1000.0
941.0
799.0
919.0
990.0
1000.0
990.0
806.0
1.0
1000.0
994.0
1000.0
0.0
997.0
1000.0
987.0
999.0
965.0
997.0
992.0
996.0
1000.0
660.0
999.0
1000.0
908.0
996.0
995.0
1000.0
995.0
1000.0
776.0
996.0
787.0
1000.0
998.0
0.0
1000.0
1000.0
1000.0
967.0
1000.0
993.0
777.0
1000.0
999.0
1000.0
1000.0
1000.0
1000.0
1000.0
792.0
1000.0
723.0
1000.0
1000.0
24.0
929.0
994.0
997.0
1000.0
1000.0
892.0
777.0
1000.0
1000.0
860.0
767.0
992.0
1000.0
980.0
736.0
958.0
774.0
993.0
758.0
958.0
763.0
1000.0
1000.0
995.0
1000.0
1000.0
1000.0
769.0
998.0
999.0
974.0
0.0
1000.0
997.0
1000.0
969.0
1000.0
8.0
1000.0
778.0
762.0
706.0
1000.0
966.0
1000.0
997.0
1000.0
788.0
1000.0
999.0
1000.0
992.0
950.0
994.0
1000.0
800.0
998.0
767.0
0.0
1000.0
999.0
1000.0
956.0
214.0
776.0
1000.0
996.0
1000.0
998.0
1000.0
1000.0
1000.0
1000.0
772.0
1000.0
1000.0
1000.0
1000.0
997.0
1000.0
994.0
778.0
997.0
993.0
1000.0
1000.0
747.0
0.0
1000.0
1000.0
997.0
1000.0
1000.0
753.0
776.0
779.0
0.0
1000.0
1000.0
1000.0
1000.0
995.0
1000.0
1000.0
872.0
997.0
993.0
1000.0
1000.0
1000.0
1000.0
1000.0
916.0
998.0
760.0
0.0
1000.0
999.0
1000.0
1000.0
1000.0
968.0
997.0
1000.0
1000.0
750.0
916.0
995.0
795.0
1000.0
1000.0
747.0
996.0
710.0
0.0
1000.0
985.0
972.0
910.0
966.0
996.0
999.0
1000.0
994.0
1000.0
578.0
782.0
997.0
1000.0
783.0
1000.0
779.0
998.0
1000.0
1000.0
914.0
1000.0
998.0
1000.0
771.0
995.0
1000.0
1000.0
1000.0
996.0
1000.0
1000.0
762.0
1000.0
773.0
1000.0
996.0
753.0
798.0
1000.0
997.0
1000.0
995.0
995.0
996.0
789.0
753.0
999.0
999.0
1000.0
997.0
765.0
951.0
12.0
997.0
1000.0
989.0
1000.0
791.0
773.0
967.0
767.0
998.0
993.0
1000.0
997.0
955.0
1000.0
999.0
0.0
778.0
999.0
0.0
1000.0
999.0
997.0
967.0
1000.0
1000.0
0.0
999.0
998.0
1000.0
761.0
418.0
995.0
45.0
970.0
1000.0
995.0
973.0
1000.0
700.0
1000.0
390.0
1000.0
1000.0
963.0
1000.0
1000.0
1000.0
899.0
996.0
995.0
999.0
994.0
893.0
995.0
1000.0
1000.0
916.0
799.0
999.0
1000.0
1000.0
973.0
1000.0
996.0
997.0
1000.0
1000.0
999.0
906.0
977.0
999.0
996.0
684.0
301.0
995.0
1000.0
1000.0
1000.0
1000.0
768.0
996.0
1000.0
756.0
1000.0
1000.0
1000.0
1000.0
703.0
57.0
996.0
997.0
995.0
787.0
1000.0
960.0
658.0
1000.0
1000.0
772.0
763.0
788.0
677.0
998.0
1000.0
1000.0
1000.0
978.0
1000.0
786.0
1000.0
996.0
1000.0
1000.0
1000.0
997.0
914.0
1000.0
801.0
1000.0
359.0
1000.0
774.0
92.0
964.0
779.0
1000.0
1000.0
716.0
1000.0
999.0
743.0
497.0
767.0
1000.0
993.0
901.0
1000.0
761.0
1000.0
119.0
997.0
787.0
1000.0
955.0
960.0
995.0
779.0
985.0
998.0
995.0
9.0
748.0
1000.0
1000.0
787.0
997.0
961.0
789.0
1000.0
1000.0
764.0
996.0
687.0
770.0
1000.0
788.0
1000.0
777.0
998.0
1000.0
1000.0
1000.0
996.0
800.0
999.0
470.0
1000.0
778.0
906.0
776.0
773.0
1000.0
1000.0
1000.0
963.0
999.0
779.0
1000.0
7.0
1000.0
1000.0
1000.0
1000.0
974.0
1000.0
1000.0
1000.0
1000.0
1000.0
979.0
1000.0
1000.0
1000.0
1000.0
556.0
128.0
791.0
999.0
0.0
0.0
0.0
0.0
0.0
0.0
0.0
0.0
0.0
0.0
0.0
20.0
0.0
0.0
154.0
0.0
0.0
0.0
0.0
0.0
0.0
0.0
0.0
0.0
0.0
0.0
0.0
0.0
1.0
0.0
0.0
71.0
1.0
67.0
1.0
0.0
0.0
1.0
0.0
0.0
0.0
0.0
0.0
0.0
0.0
25.0
1.0
72.0
0.0
0.0
0.0
0.0
0.0
0.0
0.0
0.0
0.0
0.0
128.0
0.0
0.0
0.0
0.0
0.0
0.0
1.0
0.0
0.0
64.0
92.0
1.0
0.0
2.0
75.0
0.0
0.0
0.0
1000.0
0.0
0.0
0.0
2.0
12.0
3.0
0.0
4.0
0.0
0.0
0.0
3.0
62.0
0.0
0.0
0.0
0.0
0.0
0.0
0.0
1000.0
0.0
0.0
0.0
0.0
0.0
0.0
0.0
0.0
82.0
0.0
0.0
0.0
6.0
9.0
0.0
0.0
0.0
0.0
0.0
30.0
0.0
0.0
0.0
0.0
0.0
0.0
0.0
0.0
0.0
0.0
0.0
70.0
0.0
70.0
0.0
54.0
0.0
0.0
0.0
0.0
0.0
0.0
3.0
8.0
99.0
1.0
0.0
0.0
0.0
0.0
0.0
0.0
13.0
0.0
0.0
89.0
68.0
0.0
0.0
65.0
1.0
1.0
0.0
0.0
0.0
0.0
133.0
0.0
0.0
0.0
0.0
0.0
0.0
0.0
0.0
65.0
0.0
0.0
0.0
0.0
0.0
0.0
0.0
813.0
0.0
0.0
0.0
0.0
0.0
7.0
1.0
0.0
0.0
0.0
50.0
0.0
0.0
0.0
0.0
0.0
0.0
155.0
0.0
0.0
0.0
73.0
0.0
0.0
0.0
0.0
0.0
0.0
0.0
0.0
1.0
0.0
0.0
0.0
0.0
2.0
9.0
0.0
0.0
4.0
1.0
0.0
31.0
0.0
0.0
0.0
0.0
2.0
0.0
0.0
34.0
0.0
1.0
0.0
1.0
0.0
0.0
0.0
0.0
0.0
91.0
0.0
0.0
0.0
0.0
86.0
0.0
0.0
0.0
19.0
0.0
0.0
1.0
0.0
29.0
1.0
0.0
0.0
0.0
0.0
0.0
0.0
0.0
0.0
0.0
0.0
0.0
0.0
0.0
77.0
0.0
63.0
0.0
0.0
16.0
73.0
64.0
0.0
33.0
0.0
0.0
0.0
9.0
0.0
1.0
0.0
0.0
0.0
13.0
0.0
0.0
0.0
0.0
0.0
0.0
50.0
0.0
9.0
0.0
1.0
0.0
1.0
1.0
8.0
0.0
5.0
0.0
65.0
0.0
0.0
61.0
16.0
0.0
0.0
0.0
0.0
0.0
0.0
0.0
0.0
0.0
0.0
0.0
0.0
0.0
29.0
0.0
0.0
59.0
0.0
0.0
0.0
9.0
0.0
0.0
0.0
0.0
0.0
0.0
70.0
0.0
18.0
0.0
0.0
0.0
76.0
0.0
8.0
1.0
0.0
0.0
0.0
0.0
1.0
0.0
0.0
0.0
0.0
0.0
0.0
0.0
1.0
0.0
0.0
0.0
0.0
1.0
0.0
0.0
0.0
0.0
1.0
1.0
0.0
0.0
1.0
65.0
0.0
0.0
0.0
0.0
0.0
0.0
0.0
0.0
1.0
0.0
0.0
0.0
2.0
0.0
0.0
0.0
5.0
2.0
0.0
422.0
0.0
9.0
0.0
0.0
587.0
0.0
6.0
55.0
2.0
79.0
0.0
0.0
1.0
1.0
141.0
0.0
0.0
0.0
0.0
0.0
0.0
65.0
0.0
0.0
0.0
0.0
0.0
0.0
103.0
37.0
0.0
0.0
0.0
70.0
0.0
3.0
9.0
1.0
1.0
11.0
1.0
0.0
0.0
0.0
0.0
0.0
0.0
0.0
0.0
0.0
0.0
31.0
1.0
66.0
0.0
0.0
0.0
0.0
0.0
0.0
59.0
0.0
73.0
81.0
0.0
0.0
149.0
0.0
1.0
0.0
0.0
0.0
1.0
0.0
0.0
0.0
69.0
0.0
0.0
2.0
2.0
59.0
0.0
0.0
0.0
29.0
12.0
0.0
0.0
0.0
0.0
76.0
0.0
0.0
72.0
0.0
0.0
0.0
0.0
3.0
0.0
0.0
1.0
7.0
2.0
0.0
0.0
0.0
0.0
0.0
0.0
0.0
0.0
0.0
0.0
9.0
0.0
0.0
58.0
78.0
65.0
0.0
0.0
73.0
0.0
79.0
0.0
0.0
0.0
0.0
0.0
81.0
0.0
0.0
61.0
0.0
9.0
70.0
88.0
72.0
7.0
64.0
0.0
66.0
0.0
1.0
0.0
84.0
0.0
3.0
0.0
64.0
0.0
0.0
4.0
58.0
0.0
0.0
76.0
0.0
0.0
1.0
63.0
0.0
0.0
0.0
1.0
88.0
0.0
0.0
0.0
69.0
0.0
1.0
0.0
0.0
0.0
0.0
0.0
2.0
71.0
0.0
52.0
78.0
2.0
74.0
0.0
0.0
0.0
35.0
0.0
0.0
0.0
0.0
63.0
1000.0
0.0
0.0
0.0
0.0
58.0
62.0
0.0
0.0
0.0
82.0
104.0
1.0
0.0
0.0
1.0
0.0
0.0
0.0
69.0
62.0
78.0
5.0
0.0
0.0
4.0
0.0
4.0
0.0
0.0
0.0
1.0
0.0
1.0
0.0
0.0
132.0
2.0
0.0
66.0
0.0
0.0
6.0
72.0
0.0
0.0
88.0
0.0
0.0
106.0
0.0
0.0
57.0
70.0
11.0
0.0
0.0
0.0
0.0
0.0
0.0
0.0
4.0
0.0
0.0
3.0
0.0
10.0
2.0
61.0
0.0
0.0
76.0
1.0
0.0
94.0
0.0
0.0
0.0
0.0
0.0
0.0
62.0
0.0
0.0
0.0
0.0
8.0
0.0
0.0
0.0
1.0
68.0
0.0
0.0
0.0
270.0
0.0
64.0
61.0
7.0
0.0
0.0
0.0
0.0
68.0
0.0
0.0
0.0
58.0
0.0
0.0
0.0
0.0
1.0
0.0
0.0
0.0
13.0
34.0
58.0
0.0
0.0
3.0
0.0
0.0
0.0
0.0
15.0
0.0
0.0
0.0
0.0
0.0
4.0
0.0
0.0
0.0
0.0
1.0
0.0
1.0
76.0
0.0
0.0
0.0
0.0
0.0
0.0
78.0
0.0
0.0
9.0
59.0
1.0
0.0
0.0
0.0
0.0
0.0
0.0
75.0
0.0
0.0
79.0
0.0
0.0
714.0
1.0
0.0
2.0
0.0
0.0
0.0
0.0
0.0
0.0
0.0
67.0
62.0
1.0
0.0
0.0
0.0
0.0
0.0
0.0
3.0
3.0
0.0
0.0
78.0
0.0
126.0
77.0
0.0
1.0
86.0
0.0
60.0
0.0
52.0
0.0
0.0
0.0
0.0
0.0
0.0
1.0
0.0
0.0
62.0
0.0
0.0
0.0
78.0
0.0
65.0
0.0
0.0
4.0
13.0
0.0
68.0
0.0
0.0
0.0
67.0
1.0
0.0
0.0
3.0
0.0
0.0
0.0
0.0
0.0
0.0
0.0
0.0
0.0
0.0
0.0
3.0
0.0
0.0
55.0
0.0
0.0
0.0
0.0
0.0
0.0
0.0
54.0
0.0
0.0
0.0
0.0
0.0
53.0
0.0
62.0
0.0
0.0
18.0
0.0
66.0
1.0
0.0
0.0
0.0
68.0
0.0
3.0
0.0
0.0
0.0
0.0
0.0
0.0
0.0
0.0
0.0
0.0
77.0
0.0
1.0
0.0
3.0
0.0
34.0
74.0
0.0
20.0
6.0
0.0
0.0
22.0
0.0
0.0
0.0
0.0
0.0
0.0
0.0
1.0
295.0
0.0
0.0
4.0
1.0
407.0
0.0
0.0
0.0
0.0
45.0
71.0
8.0
0.0
0.0
64.0
0.0
0.0
0.0
0.0
1.0
0.0
0.0
1.0
0.0
0.0
0.0
4.0
0.0
64.0
1.0
75.0
66.0
0.0
0.0
0.0
0.0
0.0
0.0
0.0
0.0
0.0
0.0
0.0
0.0
0.0
0.0
0.0
0.0
0.0
0.0
0.0
0.0
2.0
0.0
10.0
0.0
68.0
0.0
0.0
243.0
0.0
25.0
0.0
0.0
0.0
0.0
0.0
0.0
0.0
11.0
0.0
289.0
0.0
1.0
0.0
3.0
84.0
0.0
0.0
0.0
0.0
0.0
0.0
81.0
0.0
0.0
0.0
0.0
0.0
657.0
0.0
0.0
2.0
0.0
1.0
2.0
0.0
0.0
1.0
62.0
0.0
0.0
0.0
0.0
10.0
1.0
7.0
0.0
0.0
0.0
1.0
2.0
0.0
0.0
0.0
0.0
0.0
4.0
0.0
255.0
77.0
94.0
0.0
0.0
0.0
0.0
0.0
0.0
93.0
0.0
0.0
0.0
0.0
242.0
0.0
0.0
0.0
2.0
5.0
272.0
5.0
0.0
0.0
0.0
0.0
62.0
0.0
0.0
0.0
0.0
0.0
0.0
0.0
0.0
0.0
0.0
0.0
0.0
1.0
0.0
1.0
0.0
0.0
0.0
0.0
0.0
0.0
0.0
90.0
81.0
8.0
0.0
0.0
1.0
1.0
311.0
0.0
0.0
0.0
74.0
8.0
1.0
0.0
0.0
73.0
0.0
0.0
0.0
0.0
0.0
0.0
0.0
0.0
0.0
0.0
0.0
0.0
1.0
3.0
0.0
67.0
1.0
9.0
0.0
0.0
2.0
0.0
0.0
64.0
0.0
0.0
10.0
0.0
0.0
0.0
0.0
0.0
69.0
0.0
0.0
87.0
0.0
10.0
0.0
1.0
76.0
0.0
58.0
130.0
0.0
58.0
10.0
0.0
0.0
66.0
0.0
0.0
0.0
0.0
0.0
0.0
0.0
0.0
76.0
3.0
0.0
0.0
0.0
0.0
60.0
68.0
54.0
0.0
0.0
0.0
0.0
62.0
0.0
0.0
0.0
5.0
62.0
9.0
0.0
79.0
0.0
62.0
0.0
0.0
0.0
0.0
0.0
3.0
1.0
10.0
67.0
0.0
0.0
1.0
0.0
0.0
0.0
2.0
1.0
1.0
0.0
11.0
0.0
6.0
6.0
8.0
0.0
0.0
0.0
73.0
0.0
1.0
0.0
0.0
0.0
0.0
68.0
0.0
0.0
0.0
8.0
276.0
0.0
0.0
0.0
0.0
0.0
0.0
0.0
0.0
0.0
0.0
0.0
0.0
66.0
60.0
0.0
0.0
0.0
0.0
10.0
64.0
436.0
0.0
0.0
57.0
0.0
0.0
0.0
0.0
0.0
302.0
0.0
94.0
0.0
0.0
0.0
73.0
0.0
7.0
0.0
0.0
0.0
0.0
78.0
0.0
0.0
0.0
920.0
1.0
0.0
0.0
1.0
0.0
70.0
0.0
80.0
0.0
0.0
0.0
0.0
0.0
0.0
0.0
0.0
10.0
0.0
63.0
0.0
6.0
1.0
0.0
0.0
0.0
0.0
0.0
0.0
81.0
21.0
0.0
0.0
0.0
0.0
0.0
0.0
0.0
0.0
0.0
72.0
0.0
0.0
0.0
0.0
0.0
0.0
0.0
54.0
0.0
9.0
0.0
0.0
0.0
0.0
0.0
0.0
70.0
0.0
0.0
0.0
89.0
597.0
0.0
0.0
0.0
0.0
0.0
1.0
0.0
69.0
0.0
0.0
0.0
0.0
0.0
0.0
0.0
0.0
1.0
0.0
0.0
0.0
0.0
10.0
8.0
0.0
0.0
0.0
0.0
0.0
74.0
0.0
0.0
0.0
73.0
75.0
0.0
0.0
0.0
0.0
0.0
0.0
4.0
119.0
76.0
0.0
86.0
0.0
0.0
0.0
0.0
2.0
0.0
7.0
0.0
0.0
2.0
9.0
0.0
0.0
0.0
2.0
0.0
0.0
0.0
0.0
12.0
0.0
0.0
50.0
1.0
0.0
0.0
1.0
0.0
0.0
0.0
1.0
0.0
1.0
5.0
70.0
0.0
0.0
9.0
0.0
61.0
0.0
21.0
0.0
0.0
0.0
3.0
0.0
0.0
0.0
0.0
0.0
58.0
0.0
0.0
1.0
0.0
63.0
0.0
0.0
0.0
0.0
0.0
6.0
76.0
10.0
74.0
0.0
71.0
1.0
0.0
0.0
0.0
0.0
99.0
0.0
0.0
0.0
0.0
0.0
0.0
0.0
80.0
53.0
38.0
0.0
0.0
0.0
0.0
0.0
0.0
0.0
0.0
0.0
0.0
0.0
0.0
0.0
0.0
1.0
0.0
0.0
0.0
0.0
3.0
73.0
0.0
70.0
74.0
269.0
0.0
66.0
0.0
0.0
1.0
82.0
0.0
224.0
0.0
1.0
0.0
0.0
0.0
0.0
0.0
0.0
54.0
0.0
0.0
0.0
0.0
0.0
62.0
0.0
0.0
0.0
0.0
0.0
0.0
65.0
1.0
0.0
0.0
5.0
0.0
0.0
8.0
71.0
0.0
0.0
1000.0
0.0
65.0
71.0
0.0
2.0
0.0
0.0
0.0
63.0
0.0
161.0
58.0
0.0
692.0
75.0
0.0
68.0
81.0
61.0
0.0
13.0
0.0
70.0
90.0
77.0
1.0
63.0
0.0
0.0
0.0
0.0
72.0
0.0
4.0
0.0
0.0
0.0
0.0
0.0
2.0
0.0
66.0
7.0
698.0
0.0
194.0
0.0
0.0
0.0
0.0
66.0
0.0
0.0
49.0
0.0
58.0
0.0
0.0
0.0
0.0
0.0
0.0
19.0
74.0
0.0
2.0
0.0
36.0
0.0
80.0
1.0
15.0
0.0
0.0
0.0
0.0
0.0
69.0
0.0
0.0
0.0
0.0
0.0
0.0
0.0
83.0
0.0
0.0
74.0
0.0
3.0
6.0
0.0
0.0
0.0
73.0
0.0
0.0
0.0
1.0
0.0
95.0
0.0
26.0
0.0
0.0
58.0
0.0
0.0
74.0
236.0
0.0
68.0
78.0
14.0
0.0
36.0
60.0
0.0
0.0
0.0
0.0
39.0
0.0
0.0
0.0
0.0
8.0
0.0
66.0
0.0
0.0
22.0
0.0
0.0
0.0
0.0
0.0
2.0
0.0
0.0
0.0
0.0
51.0
14.0
0.0
0.0
0.0
9.0
8.0
0.0
1.0
134.0
0.0
0.0
0.0
0.0
0.0
78.0
25.0
71.0
0.0
0.0
0.0
1.0
56.0
0.0
0.0
0.0
0.0
0.0
0.0
0.0
0.0
0.0
1.0
61.0
218.0
68.0
0.0
30.0
0.0
640.0
0.0
0.0
0.0
1.0
0.0
0.0
0.0
0.0
0.0
58.0
0.0
0.0
0.0
63.0
0.0
1.0
0.0
5.0
0.0
0.0
0.0
0.0
0.0
1.0
0.0
10.0
10.0
0.0
0.0
1.0
0.0
0.0
0.0
0.0
0.0
0.0
0.0
0.0
74.0
0.0
0.0
69.0
70.0
3.0
1.0
0.0
0.0
74.0
0.0
0.0
0.0
0.0
1.0
58.0
0.0
0.0
0.0
0.0
68.0
0.0
0.0
0.0
73.0
32.0
0.0
8.0
100.0
0.0
7.0
0.0
1.0
77.0
0.0
127.0
0.0
0.0
1.0
0.0
78.0
0.0
0.0
0.0
1.0
2.0
0.0
7.0
1.0
81.0
85.0
0.0
78.0
0.0
0.0
0.0
78.0
434.0
0.0
0.0
0.0
0.0
0.0
2.0
0.0
0.0
2.0
0.0
0.0
0.0
1.0
0.0
56.0
0.0
0.0
1.0
0.0
68.0
0.0
102.0
14.0
0.0
0.0
0.0
0.0
0.0
0.0
0.0
72.0
0.0
0.0
60.0
56.0
0.0
0.0
0.0
0.0
59.0
0.0
0.0
0.0
0.0
0.0
75.0
0.0
72.0
0.0
0.0
1.0
0.0
0.0
0.0
0.0
1.0
0.0
70.0
0.0
1.0
11.0
0.0
4.0
0.0
0.0
26.0
0.0
0.0
0.0
0.0
34.0
3.0
0.0
507.0
0.0
0.0
1.0
74.0
4.0
72.0
66.0
66.0
1.0
71.0
0.0
0.0
0.0
3.0
0.0
0.0
90.0
0.0
6.0
7.0
0.0
0.0
0.0
0.0
0.0
0.0
3.0
0.0
0.0
0.0
62.0
0.0
0.0
67.0
0.0
80.0
24.0
6.0
0.0
0.0
9.0
77.0
0.0
0.0
0.0
0.0
0.0
0.0
0.0
56.0
1.0
71.0
0.0
0.0
0.0
0.0
79.0
0.0
1.0
0.0
0.0
0.0
0.0
0.0
0.0
0.0
3.0
1.0
0.0
0.0
3.0
0.0
61.0
0.0
0.0
0.0
0.0
0.0
0.0
78.0
0.0
90.0
84.0
0.0
0.0
0.0
0.0
0.0
0.0
13.0
0.0
0.0
0.0
938.0
0.0
0.0
0.0
0.0
17.0
9.0
5.0
1.0
0.0
0.0
0.0
26.0
1.0
2.0
7.0
61.0
0.0
0.0
0.0
0.0
0.0
1.0
91.0
0.0
0.0
0.0
0.0
0.0
0.0
0.0
0.0
1.0
2.0
2.0
0.0
0.0
0.0
0.0
1.0
0.0
0.0
56.0
323.0
0.0
62.0
0.0
85.0
65.0
0.0
0.0
69.0
0.0
4.0
0.0
0.0
0.0
0.0
0.0
0.0
0.0
1.0
0.0
0.0
0.0
0.0
123.0
0.0
0.0
0.0
0.0
0.0
0.0
2.0
0.0
63.0
624.0
0.0
68.0
79.0
0.0
0.0
0.0
7.0
289.0
0.0
286.0
0.0
0.0
0.0
0.0
0.0
0.0
0.0
15.0
3.0
0.0
0.0
71.0
0.0
66.0
0.0
0.0
0.0
0.0
673.0
0.0
0.0
85.0
0.0
0.0
196.0
112.0
0.0
0.0
1.0
0.0
0.0
1.0
0.0
0.0
0.0
1.0
1.0
0.0
78.0
51.0
0.0
0.0
0.0
79.0
0.0
0.0
0.0
0.0
0.0
0.0
1.0
0.0
77.0
0.0
10.0
1.0
0.0
0.0
0.0
7.0
0.0
0.0
0.0
0.0
81.0
101.0
3.0
0.0
212.0
0.0
11.0
298.0
0.0
1.0
66.0
297.0
65.0
14.0
69.0
1000.0
0.0
0.0
0.0
0.0
0.0
0.0
64.0
0.0
0.0
76.0
0.0
8.0
69.0
66.0
291.0
0.0
1000.0
1.0
0.0
0.0
0.0
0.0
0.0
1.0
0.0
0.0
1.0
0.0
4.0
0.0
0.0
0.0
0.0
1.0
0.0
70.0
0.0
0.0
0.0
0.0
0.0
70.0
0.0
0.0
0.0
73.0
0.0
0.0
0.0
0.0
381.0
0.0
337.0
0.0
11.0
0.0
0.0
0.0
0.0
1.0
0.0
0.0
0.0
0.0
68.0
0.0
0.0
0.0
2.0
0.0
0.0
0.0
0.0
0.0
0.0
0.0
0.0
91.0
10.0
0.0
0.0
1.0
0.0
13.0
0.0
0.0
0.0
0.0
0.0
0.0
75.0
0.0
73.0
0.0
0.0
0.0
0.0
73.0
11.0
49.0
0.0
0.0
0.0
0.0
0.0
10.0
0.0
0.0
0.0
0.0
70.0
0.0
0.0
2.0
0.0
72.0
369.0
5.0
13.0
14.0
0.0
0.0
0.0
0.0
0.0
0.0
84.0
17.0
582.0
12.0
0.0
10.0
0.0
0.0
1.0
3.0
23.0
1.0
0.0
0.0
0.0
96.0
74.0
0.0
126.0
0.0
0.0
0.0
0.0
2.0
0.0
112.0
0.0
67.0
0.0
6.0
62.0
0.0
284.0
14.0
0.0
0.0
0.0
0.0
0.0
2.0
0.0
92.0
0.0
0.0
64.0
0.0
73.0
0.0
0.0
0.0
69.0
10.0
0.0
62.0
0.0
2.0
0.0
0.0
76.0
114.0
1.0
0.0
7.0
1.0
0.0
0.0
0.0
78.0
0.0
1.0
0.0
0.0
0.0
0.0
1.0
0.0
0.0
1.0
1.0
56.0
0.0
0.0
0.0
1.0
0.0
1000.0
0.0
59.0
0.0
0.0
0.0
0.0
0.0
0.0
75.0
75.0
0.0
2.0
9.0
0.0
0.0
1.0
0.0
0.0
0.0
0.0
6.0
1.0
64.0
76.0
0.0
0.0
57.0
0.0
0.0
5.0
0.0
0.0
0.0
0.0
23.0
7.0
75.0
0.0
0.0
0.0
0.0
0.0
60.0
0.0
0.0
0.0
2.0
0.0
0.0
8.0
0.0
101.0
0.0
22.0
0.0
3.0
0.0
133.0
63.0
0.0
0.0
0.0
0.0
0.0
75.0
0.0
0.0
80.0
0.0
3.0
0.0
17.0
1.0
0.0
0.0
0.0
0.0
0.0
1.0
11.0
0.0
7.0
73.0
62.0
80.0
86.0
0.0
0.0
0.0
0.0
3.0
0.0
0.0
0.0
0.0
292.0
46.0
0.0
0.0
65.0
0.0
74.0
0.0
0.0
0.0
1.0
0.0
51.0
0.0
0.0
0.0
30.0
5.0
64.0
0.0
1.0
31.0
0.0
0.0
0.0
0.0
0.0
9.0
60.0
0.0
0.0
11.0
0.0
0.0
0.0
0.0
0.0
0.0
0.0
0.0
0.0
75.0
0.0
0.0
0.0
0.0
11.0
0.0
0.0
266.0
0.0
0.0
0.0
1.0
0.0
1.0
0.0
0.0
0.0
0.0
0.0
20.0
5.0
76.0
63.0
0.0
0.0
0.0
0.0
59.0
0.0
0.0
0.0
0.0
0.0
0.0
570.0
2.0
0.0
0.0
1.0
0.0
72.0
0.0
0.0
0.0
0.0
1.0
0.0
57.0
0.0
5.0
52.0
0.0
0.0
0.0
0.0
0.0
31.0
0.0
72.0
1.0
0.0
0.0
0.0
0.0
1.0
63.0
0.0
71.0
0.0
49.0
0.0
0.0
0.0
0.0
9.0
0.0
81.0
0.0
0.0
0.0
0.0
0.0
30.0
0.0
0.0
0.0
58.0
89.0
2.0
0.0
65.0
69.0
0.0
0.0
15.0
0.0
75.0
0.0
14.0
60.0
0.0
0.0
0.0
0.0
226.0
0.0
0.0
78.0
0.0
0.0
0.0
0.0
2.0
8.0
0.0
0.0
0.0
0.0
68.0
79.0
1.0
0.0
280.0
0.0
0.0
72.0
0.0
0.0
77.0
0.0
0.0
0.0
1.0
65.0
70.0
77.0
0.0
0.0
0.0
54.0
0.0
57.0
0.0
0.0
0.0
75.0
83.0
6.0
2.0
0.0
0.0
31.0
68.0
54.0
2.0
0.0
62.0
0.0
7.0
0.0
0.0
71.0
0.0
90.0
0.0
12.0
3.0
526.0
10.0
0.0
1.0
14.0
82.0
0.0
190.0
1.0
0.0
61.0
0.0
2.0
11.0
0.0
0.0
0.0
0.0
0.0
0.0
0.0
1.0
0.0
0.0
0.0
0.0
1.0
69.0
0.0
0.0
72.0
0.0
73.0
60.0
0.0
0.0
0.0
0.0
0.0
0.0
9.0
69.0
66.0
0.0
58.0
0.0
0.0
0.0
0.0
0.0
0.0
0.0
95.0
0.0
0.0
0.0
71.0
64.0
10.0
0.0
62.0
0.0
0.0
54.0
0.0
0.0
0.0
1.0
0.0
0.0
57.0
0.0
0.0
2.0
0.0
0.0
84.0
0.0
0.0
0.0
0.0
0.0
80.0
1.0
0.0
78.0
0.0
0.0
0.0
0.0
0.0
0.0
0.0
62.0
0.0
0.0
0.0
9.0
2.0
0.0
0.0
76.0
0.0
0.0
0.0
0.0
0.0
0.0
3.0
0.0
73.0
0.0
0.0
0.0
0.0
0.0
0.0
3.0
67.0
0.0
0.0
0.0
0.0
72.0
0.0
7.0
64.0
0.0
0.0
1.0
0.0
0.0
0.0
74.0
0.0
0.0
9.0
75.0
4.0
0.0
0.0
0.0
7.0
0.0
0.0
0.0
0.0
0.0
10.0
0.0
0.0
0.0
0.0
0.0
0.0
0.0
78.0
0.0
7.0
1.0
62.0
49.0
0.0
2.0
79.0
0.0
0.0
0.0
0.0
3.0
65.0
0.0
0.0
0.0
0.0
806.0
0.0
9.0
0.0
1.0
7.0
0.0
0.0
17.0
0.0
0.0
0.0
0.0
0.0
0.0
1.0
37.0
80.0
0.0
0.0
0.0
143.0
46.0
0.0
0.0
11.0
75.0
0.0
9.0
0.0
68.0
0.0
0.0
62.0
0.0
80.0
11.0
61.0
0.0
0.0
4.0
0.0
69.0
72.0
0.0
0.0
73.0
0.0
54.0
10.0
0.0
24.0
0.0
0.0
6.0
1.0
13.0
61.0
0.0
0.0
3.0
2.0
1.0
0.0
0.0
0.0
0.0
0.0
2.0
0.0
0.0
1.0
0.0
0.0
1.0
89.0
0.0
1.0
0.0
0.0
2.0
205.0
0.0
64.0
0.0
0.0
0.0
5.0
1.0
0.0
0.0
0.0
0.0
71.0
0.0
0.0
75.0
0.0
0.0
0.0
0.0
81.0
0.0
0.0
0.0
0.0
0.0
0.0
4.0
0.0
0.0
56.0
0.0
0.0
0.0
54.0
0.0
68.0
0.0
75.0
65.0
0.0
0.0
0.0
0.0
0.0
0.0
0.0
0.0
3.0
22.0
0.0
0.0
0.0
0.0
6.0
7.0
0.0
0.0
0.0
0.0
3.0
0.0
69.0
0.0
0.0
0.0
2.0
0.0
0.0
0.0
70.0
0.0
0.0
0.0
0.0
1.0
79.0
131.0
0.0
0.0
0.0
55.0
235.0
0.0
11.0
1.0
0.0
0.0
0.0
0.0
74.0
0.0
0.0
0.0
0.0
0.0
1.0
0.0
0.0
0.0
2.0
0.0
61.0
0.0
0.0
0.0
0.0
7.0
0.0
0.0
0.0
0.0
0.0
0.0
130.0
0.0
0.0
8.0
0.0
1.0
5.0
0.0
1.0
0.0
0.0
58.0
0.0
78.0
227.0
0.0
0.0
10.0
59.0
0.0
0.0
28.0
8.0
0.0
0.0
0.0
80.0
0.0
0.0
0.0
0.0
0.0
0.0
0.0
70.0
66.0
2.0
1.0
0.0
0.0
80.0
0.0
8.0
22.0
0.0
4.0
0.0
0.0
0.0
67.0
0.0
6.0
967.0
0.0
1.0
0.0
0.0
0.0
27.0
2.0
14.0
0.0
0.0
0.0
1.0
2.0
0.0
0.0
0.0
0.0
0.0
0.0
9.0
59.0
0.0
82.0
0.0
0.0
0.0
3.0
79.0
37.0
0.0
72.0
0.0
74.0
77.0
0.0
117.0
0.0
0.0
0.0
0.0
0.0
0.0
0.0
0.0
28.0
0.0
0.0
102.0
11.0
0.0
0.0
0.0
0.0
0.0
0.0
84.0
12.0
60.0
0.0
0.0
0.0
0.0
0.0
0.0
0.0
54.0
0.0
84.0
0.0
0.0
0.0
0.0
0.0
0.0
30.0
0.0
0.0
13.0
1.0
1.0
0.0
0.0
59.0
8.0
1.0
0.0
2.0
0.0
0.0
0.0
11.0
0.0
0.0
0.0
0.0
0.0
1.0
76.0
24.0
0.0
0.0
0.0
0.0
0.0
73.0
0.0
1.0
0.0
0.0
78.0
0.0
0.0
0.0
0.0
1.0
78.0
58.0
0.0
0.0
0.0
3.0
2.0
62.0
74.0
6.0
85.0
0.0
0.0
3.0
1.0
71.0
61.0
57.0
66.0
0.0
75.0
0.0
0.0
0.0
9.0
0.0
0.0
0.0
0.0
1.0
0.0
2.0
0.0
0.0
75.0
82.0
0.0
0.0
0.0
0.0
0.0
0.0
0.0
0.0
70.0
74.0
13.0
0.0
0.0
0.0
0.0
73.0
17.0
0.0
0.0
0.0
56.0
0.0
1.0
13.0
75.0
0.0
11.0
0.0
0.0
0.0
2.0
0.0
1.0
0.0
55.0
0.0
16.0
0.0
0.0
78.0
69.0
1.0
0.0
0.0
0.0
0.0
0.0
0.0
0.0
1.0
63.0
0.0
0.0
0.0
0.0
0.0
0.0
70.0
0.0
11.0
0.0
1000.0
0.0
62.0
5.0
73.0
0.0
9.0
0.0
0.0
57.0
0.0
4.0
88.0
0.0
2.0
0.0
0.0
0.0
0.0
0.0
0.0
0.0
1.0
0.0
288.0
0.0
0.0
0.0
1.0
0.0
0.0
0.0
0.0
1.0
0.0
0.0
0.0
0.0
0.0
1.0
0.0
29.0
0.0
0.0
82.0
991.0
0.0
0.0
163.0
0.0
0.0
0.0
0.0
65.0
55.0
0.0
0.0
0.0
1.0
15.0
62.0
0.0
0.0
0.0
8.0
83.0
0.0
76.0
0.0
0.0
0.0
63.0
0.0
1.0
0.0
76.0
73.0
1.0
0.0
0.0
1.0
0.0
76.0
0.0
0.0
0.0
0.0
0.0
0.0
64.0
0.0
66.0
0.0
0.0
11.0
0.0
69.0
0.0
2.0
0.0
4.0
0.0
1.0
199.0
1.0
0.0
0.0
0.0
0.0
0.0
0.0
82.0
0.0
0.0
91.0
10.0
1.0
0.0
0.0
0.0
1.0
0.0
65.0
0.0
0.0
0.0
2.0
65.0
0.0
0.0
74.0
0.0
0.0
133.0
0.0
0.0
0.0
0.0
153.0
0.0
0.0
0.0
1.0
0.0
14.0
0.0
0.0
0.0
0.0
0.0
0.0
0.0
6.0
78.0
0.0
0.0
0.0
0.0
74.0
0.0
0.0
0.0
0.0
0.0
68.0
0.0
2.0
0.0
1.0
0.0
0.0
0.0
74.0
0.0
0.0
1.0
0.0
0.0
1.0
0.0
10.0
0.0
0.0
11.0
0.0
69.0
0.0
66.0
10.0
0.0
0.0
0.0
60.0
69.0
0.0
0.0
0.0
0.0
0.0
0.0
80.0
0.0
0.0
65.0
59.0
1.0
0.0
28.0
0.0
74.0
24.0
0.0
0.0
0.0
0.0
14.0
3.0
0.0
1.0
0.0
82.0
0.0
0.0
0.0
0.0
0.0
0.0
0.0
0.0
168.0
11.0
59.0
0.0
348.0
0.0
64.0
11.0
0.0
0.0
0.0
0.0
1.0
0.0
0.0
1.0
6.0
0.0
77.0
71.0
57.0
12.0
0.0
0.0
0.0
0.0
94.0
0.0
38.0
6.0
0.0
81.0
0.0
0.0
60.0
85.0
7.0
0.0
26.0
0.0
0.0
79.0
83.0
0.0
73.0
0.0
0.0
56.0
0.0
0.0
0.0
0.0
0.0
0.0
0.0
72.0
0.0
13.0
13.0
0.0
1.0
0.0
0.0
0.0
65.0
0.0
0.0
0.0
66.0
0.0
0.0
60.0
0.0
0.0
0.0
0.0
0.0
1.0
0.0
72.0
0.0
0.0
0.0
141.0
0.0
0.0
68.0
0.0
0.0
13.0
3.0
0.0
80.0
0.0
64.0
2.0
0.0
0.0
71.0
71.0
7.0
0.0
0.0
20.0
1.0
4.0
0.0
0.0
206.0
0.0
60.0
0.0
0.0
0.0
0.0
0.0
0.0
44.0
259.0
0.0
0.0
72.0
0.0
1.0
64.0
0.0
0.0
1.0
0.0
0.0
1.0
0.0
1.0
67.0
0.0
0.0
0.0
0.0
0.0
83.0
2.0
0.0
0.0
80.0
0.0
5.0
0.0
0.0
2.0
39.0
0.0
70.0
12.0
0.0
86.0
72.0
12.0
0.0
570.0
75.0
0.0
0.0
0.0
0.0
0.0
0.0
0.0
271.0
23.0
75.0
0.0
0.0
5.0
68.0
0.0
2.0
105.0
2.0
0.0
0.0
0.0
0.0
0.0
0.0
0.0
0.0
22.0
0.0
0.0
0.0
72.0
0.0
1.0
68.0
54.0
79.0
0.0
65.0
105.0
0.0
0.0
0.0
0.0
2.0
67.0
29.0
3.0
0.0
0.0
1.0
343.0
0.0
0.0
77.0
78.0
79.0
0.0
0.0
0.0
0.0
4.0
0.0
73.0
0.0
1.0
1.0
1.0
83.0
3.0
87.0
0.0
0.0
58.0
0.0
11.0
0.0
0.0
0.0
67.0
0.0
85.0
0.0
0.0
0.0
0.0
2.0
0.0
0.0
0.0
0.0
0.0
0.0
0.0
9.0
0.0
74.0
0.0
0.0
0.0
0.0
0.0
0.0
0.0
64.0
0.0
0.0
0.0
0.0
0.0
0.0
153.0
8.0
0.0
0.0
0.0
0.0
0.0
0.0
0.0
0.0
0.0
0.0
2.0
0.0
0.0
0.0
0.0
0.0
0.0
0.0
4.0
0.0
0.0
0.0
0.0
68.0
3.0
0.0
71.0
53.0
0.0
0.0
0.0
21.0
73.0
67.0
62.0
78.0
0.0
0.0
67.0
0.0
0.0
0.0
60.0
65.0
0.0
0.0
1.0
0.0
69.0
0.0
0.0
2.0
0.0
1.0
0.0
0.0
0.0
1.0
107.0
70.0
0.0
0.0
0.0
59.0
0.0
0.0
13.0
0.0
0.0
57.0
0.0
0.0
3.0
0.0
0.0
62.0
124.0
79.0
0.0
0.0
0.0
8.0
1.0
0.0
68.0
0.0
1.0
0.0
0.0
81.0
59.0
0.0
0.0
60.0
5.0
0.0
0.0
0.0
0.0
0.0
2.0
2.0
0.0
0.0
0.0
0.0
3.0
0.0
8.0
1.0
10.0
0.0
80.0
0.0
2.0
1.0
0.0
0.0
0.0
0.0
0.0
0.0
62.0
70.0
0.0
0.0
61.0
0.0
0.0
72.0
0.0
1.0
92.0
0.0
226.0
0.0
0.0
0.0
2.0
0.0
24.0
70.0
1.0
2.0
0.0
75.0
0.0
0.0
82.0
0.0
0.0
268.0
0.0
276.0
71.0
0.0
0.0
0.0
21.0
0.0
0.0
72.0
0.0
0.0
0.0
77.0
0.0
0.0
0.0
0.0
0.0
242.0
9.0
5.0
74.0
0.0
4.0
0.0
269.0
2.0
90.0
76.0
4.0
0.0
0.0
0.0
0.0
0.0
0.0
0.0
0.0
1.0
0.0
0.0
2.0
68.0
0.0
4.0
9.0
72.0
63.0
0.0
0.0
218.0
0.0
0.0
12.0
0.0
79.0
78.0
0.0
11.0
0.0
0.0
1.0
0.0
1.0
0.0
0.0
0.0
1.0
0.0
1.0
0.0
0.0
3.0
0.0
0.0
95.0
11.0
0.0
0.0
948.0
69.0
57.0
0.0
0.0
0.0
0.0
0.0
74.0
0.0
0.0
3.0
0.0
0.0
0.0
13.0
1.0
0.0
0.0
0.0
73.0
0.0
63.0
37.0
0.0
0.0
0.0
0.0
68.0
0.0
9.0
0.0
0.0
72.0
0.0
78.0
0.0
4.0
0.0
31.0
0.0
0.0
0.0
606.0
910.0
0.0
0.0
0.0
0.0
0.0
27.0
7.0
0.0
0.0
4.0
0.0
70.0
70.0
0.0
0.0
0.0
0.0
10.0
0.0
73.0
0.0
7.0
0.0
8.0
0.0
0.0
1.0
0.0
63.0
0.0
9.0
0.0
14.0
89.0
87.0
263.0
0.0
0.0
0.0
0.0
0.0
16.0
0.0
0.0
2.0
1.0
0.0
0.0
7.0
0.0
128.0
1.0
0.0
63.0
0.0
0.0
75.0
0.0
0.0
0.0
5.0
0.0
0.0
0.0
0.0
0.0
0.0
0.0
1.0
0.0
0.0
0.0
23.0
64.0
0.0
0.0
0.0
76.0
0.0
0.0
0.0
0.0
0.0
0.0
0.0
0.0
0.0
2.0
77.0
75.0
0.0
0.0
0.0
65.0
0.0
0.0
0.0
0.0
65.0
10.0
0.0
0.0
85.0
9.0
1.0
0.0
40.0
3.0
0.0
0.0
0.0
88.0
102.0
63.0
0.0
0.0
0.0
0.0
76.0
0.0
0.0
2.0
0.0
0.0
59.0
6.0
0.0
0.0
1.0
0.0
0.0
94.0
0.0
5.0
0.0
0.0
4.0
2.0
0.0
67.0
1.0
70.0
2.0
4.0
0.0
11.0
0.0
0.0
0.0
75.0
2.0
70.0
8.0
1.0
0.0
2.0
0.0
0.0
1.0
93.0
0.0
1.0
1.0
0.0
14.0
0.0
1.0
2.0
0.0
0.0
1.0
0.0
0.0
1.0
0.0
0.0
0.0
0.0
0.0
4.0
283.0
8.0
0.0
0.0
0.0
1.0
0.0
0.0
0.0
1.0
0.0
0.0
0.0
0.0
0.0
62.0
71.0
0.0
0.0
0.0
0.0
64.0
99.0
0.0
0.0
0.0
1.0
79.0
1.0
24.0
0.0
0.0
0.0
72.0
0.0
0.0
0.0
0.0
1.0
0.0
1.0
25.0
0.0
0.0
0.0
0.0
74.0
90.0
71.0
68.0
18.0
10.0
8.0
61.0
3.0
0.0
11.0
58.0
0.0
0.0
10.0
0.0
0.0
0.0
25.0
85.0
69.0
0.0
0.0
0.0
0.0
7.0
0.0
64.0
65.0
2.0
57.0
78.0
303.0
0.0
0.0
0.0
0.0
0.0
71.0
0.0
0.0
87.0
80.0
4.0
0.0
3.0
0.0
1.0
0.0
0.0
39.0
0.0
0.0
21.0
3.0
0.0
70.0
0.0
0.0
1.0
0.0
0.0
63.0
5.0
0.0
0.0
0.0
285.0
73.0
2.0
0.0
0.0
65.0
0.0
0.0
0.0
0.0
0.0
0.0
0.0
4.0
3.0
25.0
0.0
0.0
0.0
1000.0
12.0
4.0
12.0
6.0
0.0
0.0
0.0
0.0
0.0
0.0
143.0
0.0
2.0
1.0
0.0
0.0
0.0
0.0
50.0
0.0
1.0
0.0
0.0
61.0
302.0
0.0
1.0
0.0
1000.0
1.0
0.0
4.0
0.0
14.0
0.0
0.0
2.0
0.0
69.0
0.0
0.0
24.0
1.0
2.0
0.0
0.0
0.0
65.0
0.0
82.0
0.0
1.0
0.0
0.0
0.0
0.0
14.0
0.0
0.0
74.0
0.0
0.0
0.0
0.0
0.0
0.0
0.0
58.0
0.0
89.0
0.0
0.0
292.0
16.0
1.0
0.0
0.0
0.0
25.0
86.0
0.0
0.0
26.0
105.0
0.0
0.0
5.0
74.0
9.0
79.0
2.0
78.0
4.0
78.0
0.0
0.0
1.0
0.0
0.0
0.0
74.0
0.0
0.0
9.0
0.0
0.0
0.0
0.0
10.0
0.0
269.0
0.0
70.0
70.0
109.0
0.0
13.0
0.0
3.0
0.0
62.0
0.0
0.0
0.0
0.0
11.0
1.0
0.0
56.0
0.0
74.0
0.0
0.0
0.0
0.0
15.0
0.0
79.0
0.0
0.0
0.0
0.0
0.0
0.0
0.0
0.0
68.0
0.0
0.0
0.0
0.0
0.0
0.0
0.0
79.0
0.0
5.0
0.0
0.0
73.0
0.0
0.0
0.0
1.0
0.0
0.0
65.0
70.0
69.0
0.0
0.0
0.0
0.0
0.0
0.0
0.0
0.0
36.0
0.0
0.0
0.0
0.0
0.0
0.0
0.0
34.0
1.0
80.0
0.0
0.0
0.0
0.0
0.0
0.0
12.0
0.0
0.0
0.0
72.0
23.0
1.0
65.0
0.0
0.0
70.0
1.0
92.0
0.0
0.0
5.0
13.0
26.0
7.0
1.0
0.0
0.0
0.0
0.0
178.0
62.0
0.0
0.0
66.0
0.0
63.0
0.0
0.0
0.0
0.0
0.0
0.0
0.0
82.0
0.0
0.0
0.0
0.0
0.0
0.0
0.0
59.0
0.0
0.0
0.0
1.0
77.0
76.0
0.0
1.0
0.0
1.0
0.0
0.0
67.0
73.0
0.0
0.0
0.0
0.0
84.0
3.0
971.0
3.0
0.0
0.0
0.0
60.0
61.0
6.0
82.0
0.0
1.0
0.0
1.0
7.0
0.0
0.0
0.0
60.0
0.0
67.0
0.0
0.0
2.0
8.0
0.0
0.0
0.0
0.0
0.0
0.0
77.0
120.0
3.0
0.0
11.0
0.0
0.0
3.0
0.0
164.0
0.0
238.0
0.0
0.0
10.0
0.0
0.0
0.0
36.0
0.0
1.0
0.0
1.0
29.0
0.0
0.0
0.0
31.0
58.0
0.0
0.0
0.0
9.0
0.0
0.0
0.0
0.0
0.0
0.0
22.0
3.0
1.0
2.0
82.0
222.0
0.0
0.0
0.0
0.0
0.0
82.0
1.0
0.0
73.0
0.0
0.0
0.0
0.0
84.0
290.0
1.0
0.0
2.0
77.0
0.0
14.0
2.0
0.0
0.0
72.0
71.0
61.0
79.0
0.0
0.0
0.0
0.0
5.0
0.0
63.0
0.0
1.0
0.0
0.0
0.0
0.0
27.0
0.0
39.0
0.0
181.0
0.0
67.0
316.0
9.0
71.0
0.0
0.0
78.0
0.0
0.0
87.0
200.0
74.0
0.0
0.0
21.0
0.0
79.0
0.0
301.0
0.0
68.0
0.0
13.0
14.0
0.0
74.0
3.0
1.0
0.0
16.0
63.0
0.0
0.0
57.0
0.0
17.0
69.0
0.0
0.0
75.0
0.0
93.0
71.0
0.0
75.0
0.0
55.0
0.0
0.0
0.0
0.0
0.0
74.0
0.0
44.0
0.0
69.0
7.0
74.0
74.0
0.0
0.0
0.0
0.0
0.0
64.0
0.0
365.0
0.0
0.0
0.0
0.0
0.0
0.0
0.0
0.0
0.0
0.0
5.0
0.0
0.0
0.0
0.0
170.0
94.0
71.0
0.0
