-93518.48845148727
-93276.76688581209
-89639.59388294011
-86393.48359784747
-85209.27404674841
-84854.44491184542
-84701.35265932084
-84666.87612436611
-84325.54082413884
-82603.51102480116
-81909.20487579418
-81223.55612656799
-80587.3379511535
-80133.20195251732
-79908.77072662803
-80033.90512923025
-79906.71218839174
-79847.35867895023
-79844.25767279096
-79903.38696559105
-79937.24687876397
-79938.13845298687
-79897.93693332441
-79818.63637334348
-79807.94006005506
-79813.44091166001
-79847.75707711925
-79867.62232662145
-79844.8364900156
-79783.72203355332
-79792.52118008268
-79963.62945572074
-79870.04926458524
-79901.74738214615
-79911.1007370191
-79806.79500520341
-80060.5857074991
-79955.07674249526
-79788.741060055
-79805.12873994163
-79818.58823064237
-79768.3272250463
-79826.53396638845
-79988.53723495957
-79898.27309646732
-79995.06058844087
-79843.71775068474
-79879.98908797457
-79997.99419490036
-79934.79652976361
-79765.90508345378
-79983.72703793985
-79781.58049920393
-79827.50941599169
-79862.71286263577
-79826.92810694913
-79983.27710667843
-79914.32435884605
-79863.12361737929
-79798.88131694065
-79851.89219100935
-79729.97656209426
-79726.02383465394
-79795.04516769334
-79722.64428132154
-79950.856363095
-79850.62849089575
-79940.17077532398
-79780.99728012783
-79720.95195155441
-79784.18532911506
-79887.37628901892
-79821.07241591999
-79794.6989056407
-79952.47342073901
-79947.73187686846
-79941.09355719459
-79859.60289584039
-79739.65427090539
-79936.79524172217
-79951.6537954079
-79852.74219363199
-79883.56872683119
-79884.42105740418
-79941.27080532139
-79971.07028574371
-79936.91411585339
-79873.77777183072
-79864.81490794558
-79890.03213283182
-79852.2972944182
-79963.19946609327
-79889.05417275401
-79783.63018665875
-79975.32907424618
-79979.70213634567
-79803.06523668625
-79859.32304369564
-79988.17305320025
-79787.07779856144
-79918.98898270178
-79875.87079224562
-79916.26907849967
-79894.12094599784
-80088.75061111475
-79827.781374529
-79773.85442693524
-79867.33475125364
-79841.64992244712
-79882.64395665332
-79770.2657448301
-79950.45889692377
-80038.73941250751
-79920.60497651022
-79830.85805479903
-79775.88375908246
-79885.19145741088
-79803.5701888663
-79877.71769537592
-79921.31630125766
-79844.66336065122
-79790.20459047506
-79941.09493012883
-80019.72417169185
-79918.14411559611
-79860.16613530603
-79741.6646933828
-79695.63397126962
-79740.36182668342
-79850.55764627807
-79745.64803214229
-79799.31201257107
-80146.47943429639
-79999.74630789676
-80006.11162873267
-79977.76963573562
-79928.74903150281
-79695.91066009585
-79808.6822354965
-79884.72795239785
-79872.13820072213
-79742.92292182689
-79940.27506383088
-79901.34878193866
-79736.94584873824
-79947.02948389309
-79933.30441269658
-79844.33801256078
-79902.45473632202
-79977.7928240174
-79736.4924702296
-79800.20414850858
-79790.75573313194
-79877.2140288012
-79960.81676364524
-79864.64020605417
-79805.45374729538
-79793.02728811814
-79820.27872363727
-79915.33111083848
-79905.41657178354
-79864.21054060014
-79903.92047417663
-79919.29672135747
-80044.58995573726
-79717.65373488016
-79910.71770474067
-79841.03335693883
-79710.91442475503
-79889.37577075443
-79976.17347377764
-79816.3504565296
-79855.34256534632
-80035.04037281446
-80062.37803194672
-79788.25762167957
-79777.94271970037
-79907.549103194
-79788.64734228217
-79861.06252498268
-79688.12153973115
-79755.15015245051
-79872.61475862472
-79923.3337790372
-79910.50599575762
-79894.60329221407
-79933.31502153892
-79957.97890957286
-79964.28110204276
-79905.21598175145
-79783.57499012662
-79927.00259677405
-79866.12496447285
-79739.21128360777
-79751.07966261305
-79872.4999053907
-79950.1717880709
-79837.9248101648
-79899.71733531586
-79910.87942443053
-79893.92666207843
-79829.91753230011
-79772.33572732758
-79784.51999158811
-79863.93002784286
-80039.38782275688
-79916.53130288114
-79843.33598478888
-79899.11543837615
-79922.05966067298
-79937.62200398179
-79893.64868133966
-79802.85246197002
-79863.2183659232
-79839.62180522027
-79938.85548732008
-79848.37990120391
-79752.87767815801
-79873.92130696648
-80005.678983598
-79979.4904717213
-79790.55070830876
-79973.39812606464
-79796.20678867842
-79939.25222894021
-79861.24698990525
-79958.75381595198
-79904.41301002521
-79817.11815577542
-79683.80073613251
-79683.9840491155
-79863.43479013558
-79851.71572923048
-79934.16399180905
-79896.17532653472
-79779.63322281357
-79874.2799182811
-79898.56030411005
-79813.05449922258
-79910.29929951596
-79781.82015344607
-79922.19786122684
-79913.10945093288
-79840.21789800547
-79972.9985684544
-79886.82214222425
-79852.27768571605
-79966.96137585344
-79854.17370963268
-79792.70881858659
-79838.70776719415
-79862.98208692188
-79875.13952019006
-80004.17319891525
-80022.20502713705
-79775.79463111135
-79916.1088880337
-79961.82857728442
-79981.3581309703
-80052.14960496195
-79887.09725133597
-79954.81238589885
-79961.15096845213
-79886.91822292306
-79856.53484469304
-79816.59465513402
-79885.54374927867
-79763.88772485314
-79773.11840941069
-79956.56076626512
-80003.90387150264
-79826.14695079636
-79884.33166652713
-79801.41953823042
-79895.05829624807
-79875.74628880329
-80005.08974031878
-79867.16135479072
-79822.81770838167
-79887.99974169781
-79916.72315111497
-79849.73094030326
-79794.8003744429
-79893.14977780098
-79869.317937325
-79747.27057054253
-79990.28321737413
-79868.61565974262
-80075.53012404742
-80006.32361023204
-80006.71556972945
-79864.70612289237
-79860.80127679286
-79868.75589647313
-79897.34883460157
-79882.39615379678
-79797.49296123203
-79956.89525841009
-80004.05151444887
-79889.1590538993
-79850.53095268786
-79865.30188219991
-79996.43454790716
-79809.1379734949
-80016.11370813032
-79768.1064962647
-79980.98011494611
-80052.176086517
-79853.73383637758
-79917.25796757467
-79831.23173473279
-79759.24817637475
-79859.99471060824
-79837.5462408297
-79845.64565526182
-79902.38335593556
-79766.76798531899
-79739.26098114603
-79859.4444964894
-79783.61111062484
-79954.52416026138
-79904.27682424344
-79919.39925743404
-79929.66085918527
-80016.12834196405
-80040.22269842225
-79936.29920396674
-79873.91120625302
-79854.02301780562
-79935.44019718563
-79842.1877730768
-79877.0802923383
-79895.88129601303
-79911.25759639344
-80058.13100944528
-79975.87356490566
-79932.37645685725
-79865.03284432972
-79981.45751065182
-79883.11756558984
-79790.67276130265
-79794.23602959534
-79869.19060256562
-79759.8298077301
-79867.1815047527
-79728.0592461179
-79695.573515115
-79846.57365810848
-79986.94900916201
-79981.33182515853
-79689.61653090626
-79881.22450798882
-79863.88939596504
-79837.68753557978
-79907.10291345099
-79747.92058075103
-79906.24348162663
-79773.33039900636
-79783.99839521783
-79893.49753746158
-79886.31593371954
-79853.19887672286
-79745.68065894365
-79803.9353611771
-79839.14274960353
-79957.61128887055
-79944.38652978667
-80135.14593939633
-79778.84917711862
-79967.69902697304
-79846.29273749192
-79905.62440204444
-79946.10018780496
-79862.26928705508
-79789.94059392683
-79876.0528968323
-79808.0697505171
-79874.30170285986
-79787.87690954885
-79858.02150233893
-79852.14651211002
-79985.26943881992
-80106.87029786124
-80001.24924138436
-79925.78603577541
-79805.64747249035
-79719.79367799748
-79853.33369290776
-79707.2617684758
-79869.91000952445
-79822.82146521054
-79726.94314521551
-79913.02802385091
-79999.31537852116
-79909.4944731816
-79929.3020498569
-79839.41326232045
-79796.6732471196
-79840.40164335814
-79926.10818696178
-79959.34896063458
-79748.44862363373
-79810.71425499467
-79776.06705142216
-79880.90403255817
-79774.87437967648
-79778.2469562625
-79980.62244687419
-79781.14634287407
-79808.16196770083
-79746.63888143383
-79833.6062331106
-79906.77065884533
-79882.49758585157
-79993.62962400728
-79957.39148960798
-79913.13783303798
-79856.72859768284
-79920.88028855257
-79974.9189280896
-79921.92222041042
-79960.55902855532
-80021.05052089505
-80093.27471376138
-79973.50740071696
-79884.14589443273
-79817.78883067827
-79932.29386227016
-79811.68132425415
-79899.88357815337
-79940.28177365365
-79917.61459713592
-79857.54066782541
-79993.34871660326
-80120.73460114271
-79849.97867841253
-79739.76119777384
-79684.03293004283
-79826.61789993702
-79846.33000783007
-79825.64103797277
-79918.46248524917
-79920.32676743738
-79916.72798012187
-79861.81621077764
-79829.25878919679
-79829.34213865707
-79785.8338409932
-79945.61968078083
-79986.66402542533
-80062.31246069103
-79928.20634121628
-80017.82154222007
-79893.19216312589
-79960.004648699
-79985.42265541074
-79776.78925569498
-79830.8374554227
-79865.11406046183
-80010.14272833292
-79809.88567321445
-79858.54396753383
-79723.58832956383
-79688.8756081566
-79698.64909958153
-79794.53500882862
-79844.96863244065
-79764.75207109374
-79772.30951448981
-79929.94619065901
-79806.35173874887
-79827.47583056912
-79743.35437072406
-79798.82729929971
-79940.63761755059
-80050.9024992388
-80017.92676944002
-79792.8505993912
-79807.29527693495
-79975.58852061059
-79845.40136095372
-79884.28798921652
-79939.0469117455
-79977.93739846024
-79871.98759688767
-79938.09810648716
-79849.01529529633
-79825.36812227922
-79806.3989973418
-79932.59486478606
-79865.77202470509
-79798.45800563382
-79908.44358879328
-79836.37902298581
-79919.81756488925
-79811.7510909342
-79871.10100543438
-79854.21181793728
-79885.40169099078
-79933.18293415748
-79831.89667588822
-79950.31780598065
-79734.82160511122
-79931.42201535922
-79852.46184918472
-79893.40669311202
-80002.28649054749
-79886.06878306075
-79889.98427711312
-79734.71088410671
-79764.50333053937
-79809.75939731159
-79833.82208099063
-79921.3734376275
-79782.3716896634
-79881.66982727856
-79776.61077758687
-79856.55431461072
-79879.24663936238
-79957.58589657822
-79888.6627489294
-79918.66832974051
-79931.7140192206
-79985.97945298383
-79990.75722322508
-79879.21953566688
-79920.67851381884
-80056.07073532788
-79826.99432952108
-79787.01487698917
-79824.69820449907
-79831.44476954897
-79975.17274757114
-79911.37422343079
-79798.97674499724
-80033.67170513919
-79902.92172888246
-79917.33891156202
-80000.28754402067
-79963.37895669974
-79855.85856789457
-79887.13657582471
-79934.39680295662
-79928.66251010266
-79945.3229252198
-79782.99794694914
-79792.84107340618
-79890.94878235276
-80071.89217521634
-79909.78802844493
-80058.4982614617
-79742.60847239429
-79737.97045048927
-79884.88032870695
-79950.81558496313
-79980.12027141437
-79810.26395443629
-80020.7943896649
-79993.8890069963
-79843.43152492243
-79876.85588372403
-79823.05771371504
-80015.66291883038
-79933.25371604638
-79975.1395198438
-79900.17312504732
-79856.0969245471
-79967.24494385584
-80046.03582696199
-79813.0891699885
-79933.20570223291
-79870.830677356
-79921.90554494245
-79861.02476584095
-79984.25798808849
-79927.99543748303
-79964.57348898552
-79840.68116562755
-79850.83508400353
-79840.87905375818
-79881.35558421371
-79824.52659682311
-79944.78851086106
-79849.60204189768
-79787.67778846569
-79880.00455106654
-79938.87851041486
-79846.6737370589
-79801.25409889784
-79870.71684643764
-79904.29418907277
-80064.4943247646
-79917.33899230986
-79838.17959022775
-79877.20599833631
-79872.33227571238
-79981.90223257824
-79982.48761574435
-79999.27698766279
-79967.62380526461
-79897.3682362026
-80043.9286000543
-80003.61797678762
-79902.14314032844
-79856.68388873339
-79844.41650135542
-79865.60411228877
-79722.396900694
-79783.60226135566
-79755.8212192888
-79762.23559997963
-79862.25161646063
-79811.13966540383
-79844.05762058281
-79936.7263881992
-79792.39859406133
-79801.72089220458
-79835.89722794904
-79864.64959359981
-80003.01177045012
-79969.20760370418
-79875.88979538898
-79901.07731223447
-79720.79855152051
-79915.2897652607
-79821.30863856853
-79911.52482006705
-79912.80648406065
-79842.61186532307
-79810.96140536826
-80003.6878104995
-79859.10800637265
-79974.88959207486
-79907.27762824197
-79997.52156585515
-79888.2144876574
-79965.89669246058
-79930.06326056326
-79984.73528763163
-79854.86039467691
-79818.50794558202
-79800.89793761274
-79759.76892413857
-79837.79818301878
-79990.57779306335
-79838.06878554983
-79958.76374410886
-79985.05927159304
-79876.65017791299
-79805.7459198547
-79994.47992048884
-79950.6685796297
-79792.23977463167
-79771.51894350752
-79816.13967600734
-79990.52788996934
-79857.60591364608
-79859.16589604382
-79955.55770176962
-79907.02269521198
-79883.6959923834
-79778.67638507963
-79799.71954622414
-79727.48592985627
-79848.18360689841
-79899.46347680052
-79797.42785419886
-79993.45858403468
-79944.02350603955
-79931.91266015157
-79837.66529985421
-79866.56354503844
-79894.66358483292
-79933.04294986904
-79905.16558782394
-79757.76208128214
-79850.05246881607
-79916.0962873174
-80002.10580309489
-80128.38840726561
-79876.90995777736
-79695.11061754866
-79850.75141474507
-80030.86311987246
-79760.18517033695
-79627.82693408761
-79733.84620155217
-79656.84071756506
-79734.38337309132
-79910.0562034939
-79802.22156928417
-79728.85050479187
-79794.06836212723
-79856.41697635656
-79949.30006810327
-79989.84762506523
-79925.10565861294
-79899.60203480771
-79887.16137254519
-79994.05485463652
-79677.25223489
-79696.10915324699
-79817.02062354391
-80008.95955964107
-80069.64731096626
-79933.77573588834
-79894.96300085541
-79751.24305655484
-79791.93387512036
-79764.77431677068
-79854.65636019563
-79641.98775409925
-79887.00877098803
-79930.53107310219
-79945.99833506133
-80005.62544772688
-79870.98538121447
-79859.53499241946
-79897.68749658696
-79848.53017566523
-79891.8989830206
-79875.53246145078
-80075.82586732834
-79994.64191406473
-79891.08707543048
-79929.35011552948
-79884.20095098767
-79947.8403071407
-79880.4116401327
-79937.19175587648
-79913.03183482168
-79800.7375492211
-79758.14133953665
-79844.99882054636
-79954.84163730983
-79857.64366275514
-79715.35526445264
-79877.95166669674
-79944.61155520787
-79878.75059996844
-79780.84128028141
-80008.53301184934
-80002.89614907888
-79874.8012396744
-79810.74195353268
-79965.44679702316
-79905.7234650083
-79948.8122857362
-80000.98875959513
-79902.27656148879
-79946.5296628193
-79921.86878527403
-79869.48558120201
-79864.07450086946
-79860.54644109614
-79918.8006798835
-79805.55576172963
-79844.82900519697
-79915.81474218292
-79935.40074175753
-79814.62038639044
-79916.04382982253
-79887.05948440684
-79884.65128219672
-79927.91799696563
-79890.92966613811
-79900.39130979519
-79957.4201156584
-79872.12389841682
-79759.66505606139
-79772.3686459174
-79857.46995494525
-79887.85652253705
-79637.12105106637
-79835.23721634982
-79797.86397657398
-79855.0459884412
-79840.95821653253
-79936.67369801771
-79852.74822441574
-79776.70608060487
-79639.67859342885
-79846.57588981379
-79837.2956316627
-79810.79811915029
-79787.50208397256
-79882.37967196327
-79775.15703783307
-79955.7839008475
-79891.15462664729
-80005.82861894758
-79925.37244816635
-79768.2329463091
-79883.52251948116
-79759.90883198602
-79968.25201515594
-79835.98946458698
-80042.09151319864
-79918.68183688207
-79740.42109776255
-79794.83613922204
-80124.51414443649
-80063.46997285541
-80015.78828545367
-79884.3615066503
-79859.26823284647
-80106.27323629087
-79878.07062564982
-79915.94356758987
-79925.07978611787
-79941.69400644324
-79864.71378934
-79960.7558276087
-80060.49434040402
-79735.91275471546
-79809.7588038617
-79735.93246122601
-79862.67952993647
-79982.49837691367
-80053.77415755145
-79875.65799778169
-79890.02038280353
-79899.38828722843
-79932.30729471442
-79928.90579511848
-79863.80349703087
-79776.93195620069
-79900.95292307052
-79923.80123776557
-79800.44376867314
-80023.42165793321
-79811.83919871556
-80028.65055333455
-79871.92617120415
-79941.6026427604
-79818.52831712722
-79940.69548234354
-79902.4966212526
-80012.9730451882
-80042.36898467803
-79988.00263067114
-80020.41055730205
-79832.37181548495
-79798.41781054402
-79915.89197399594
-79819.26121471253
-79779.15226857073
-79784.7254163023
-79724.65940086464
-79779.49590929959
-80012.98627896604
-79872.54212496156
-79870.63662024606
-79771.20312274978
-79732.95569634365
-79779.72670526041
-80112.57819882754
-79887.41276615848
-79870.25523476492
-79928.16392729427
-79838.05326362902
-79931.41242693421
-79912.59714844816
-79968.1182122964
-80088.19832739294
-79906.39327090533
-80033.43679269099
-79854.38197016499
-79776.90781369418
-79743.97929999312
-79737.2698682925
-79894.01550308884
-79766.94399640139
-79824.85039364787
-79820.18762988853
-80022.48934497873
-79881.73064495734
-79902.17534022438
-79897.2039301422
-79813.17693459263
-79847.00090097357
-79956.55942957696
-79817.63480991531
-79900.64232651998
-79826.9855293056
-79834.08777742849
-79851.85525539336
-79945.4460914689
-79881.2717787036
-79934.07920825556
-79742.34962414381
-79940.94308353453
-80016.38203229356
-79861.78651076365
-79870.27929115953
-79969.32280899484
-79816.47215965678
-79885.07636512116
-79924.9201000561
-80007.03849190906
-79848.55805987585
-79837.41584843051
-79920.10593452101
-79993.73224058838
-80054.01237928813
-79965.74743773874
-79932.61843331199
-79903.41371860314
-79920.38627194136
-79837.79609207706
-79834.64722901203
-79825.87116191431
-79908.94738751142
-79855.34708482843
-79778.52168240439
-79799.56611357593
-79815.14069615937
-79936.91752828447
-79845.05449956913
-79815.91880370377
-79773.36772699002
-79854.79104116767
-79920.62925818097
-79725.20874934718
-79837.65358798468
-79815.94023484083
-79779.64260109616
-79819.429068903
-79713.73408242421
-79951.07984901512
-79963.92183828521
-79826.83245155337
-79727.58108652398
-79829.6445917476
-79856.2884353019
-79862.83819562322
-79994.62438147793
-79894.5311489647
-79849.71805155
-80016.45338525207
-79928.05202656255
-79921.14323196818
-79786.44990474102
-79751.81405005179
-79794.27629454149
-79869.99606995394
-79844.23989812424
-79887.75812740554
-79769.35052278014
-79797.30457676304
-79734.99333834165
-79856.01383211235
-80022.14940795848
-80077.4188509736
-79844.36135152416
-79904.42971646
-79865.9032919808
-79867.8646242198
-79858.95581711843
-79852.74684409091
-79937.54914330349
-79987.80415885396
-80011.0269149934
-79834.7397078321
-79770.28871881214
-79861.10294388118
-79865.84641320132
-79924.91267497416
-79941.4802482743
-79870.2896177973
-79820.89040297711
-79852.60745043984
-79840.97515285603
-79717.13998920063
-79902.14362289233
-79951.31158417382
-79856.38734006153
-79773.81370357305
-79925.77724186277
-80012.26643724201
-80045.2772173749
-79990.84210553982
-79977.54517190439
-79940.93647571291
-79851.91833485856
-80108.63515610444
-80018.15596374948
-79959.4682824402
-79946.79463876868
-79818.66334042326
-79987.44558433192
-79881.71784829095
-79904.44961106889
-79877.61005117356
-79839.84244532134
-79756.1874276637
-79941.16340263316
-79816.53313092013
-79821.4122401342
-79966.72599984016
-79947.40183134025
-79889.97006464258
-79796.50423397405
-79861.51206802897
-80008.39197836418
-79927.052081084
-80043.6595784001
-79896.37630252058
-79851.25449151029
-79873.7105670996
-79963.1787225906
-79800.38367654425
-79797.69886544497
-79786.60101157925
-79890.48206275929
-79907.00826719176
-79882.11658571233
-79817.82530003361
-79921.68556377394
-79961.1513110961
-79838.1811362617
-79774.79187527183
-79828.8732946458
-79845.02242849694
-79723.74741648385
-79825.71631755462
-79782.5614042958
-79734.86095486057
-79890.8018953586
-79789.93859416715
-79843.91845487128
-79710.73077986289
-79895.19355706689
-79959.55047081906
-79963.12362733387
-79832.4921873896
-79776.96659179185
-79863.43117823028
-79837.68793351615
-79880.7557360039
-79817.32132474142
-79935.67063988201
-79924.64850137217
-79929.08293933791
-79770.14207624926
-80021.55835741376
-79768.18896112048
-79870.29548638852
-79737.79643693409
-79940.4756294532
-79944.5570613527
-79936.65121120845
-79902.01531714776
-80014.10393322732
-79947.8251628003
-79777.18808690757
-79779.36766005914
-79787.14584836697
-79866.82154495212
-79800.80440011463
-79762.87627266263
-79934.27324415364
-79783.54852518534
-79843.68383320863
-79864.59189901467
-79844.52500302043
-80041.58926460744
-80192.54229197658
-79988.94401096414
-80119.28018367036
-79812.08365630776
-79801.62460870073
-79965.56122307817
-79954.60010498586
-79794.73573705628
-79819.48149889836
-79795.19786108086
-80028.6205041663
-79817.2615193948
-79893.01048294126
-79959.84569728491
-80026.76260070657
-79881.86902856204
-80002.45647652194
-79993.66205773987
-79963.78369642896
-80023.84323959933
-79846.17240398013
-79752.97797235355
-79906.02131740112
-79762.32574297182
-79788.51329782618
-79840.93996034995
-79959.82245090266
-79953.23552941764
-79800.9101486856
-79896.34881022075
-79952.36822652027
-80078.76951394041
-79932.90990766506
-79796.94187063893
-79843.2625159201
-79786.54680831046
-79926.87360543563
-79917.99875243464
-79948.45117216377
-79867.15884618755
-79972.16488156156
-80086.16737873011
-79888.3074524235
-79688.06955654535
-79930.61530858537
-79836.75501181706
-79883.73701761742
-79893.48782109084
-80007.73251263441
-80034.0282038329
-80001.40833117042
-79922.55615573499
-79944.49044129263
-79830.14058123468
-79859.90675357028
-79943.98212477787
-79741.25149735546
-79861.39010912731
-79934.31546847367
-79911.45692561979
-79900.29198014231
-80022.30854089242
-79853.35748535664
-79790.24806332638
-79893.5698611218
-79786.04542251983
-79904.05921773904
-79778.14615148473
-79839.64463040544
-79896.0075887885
-79893.01231445653
-79900.65716131534
-79849.5512451724
-79995.94831119908
-80023.4907925746
-79946.76531823608
-79802.98208183065
-79981.0304219253
-79780.17415974387
-79715.24664651626
-79803.05059627151
-79912.58985503885
-79963.547015107
-79953.97516777033
-79885.65084095634
-79847.00054454527
-79894.97757697797
-79868.06932618089
-79856.56712732541
-79939.34788219671
-79871.80169035679
-79873.03676424868
-79942.39029302975
-79844.32978803084
-79933.94716319905
-80069.57222944166
-79893.66776786158
-80090.09686259211
-80020.99913196579
-79910.21218632317
-79927.17378286883
-79914.97797997293
-79738.18523374863
-79798.58037497924
-79800.06565658191
-79869.82102698728
-79994.42025202964
-79839.63611420384
-79777.73625881322
-79840.48977894646
-79896.65948762714
-79792.88191018562
-79906.85843816807
-79888.33643275882
-79906.47601305177
-79919.27111849433
-79837.73466816082
-79940.45202840323
-79821.85831912392
-79732.58513142995
-79790.43748443623
-79810.0330118175
-79902.51771935188
-79773.11494231872
-79921.72771100106
-79796.14930490662
-79896.58081715972
-80104.42146327536
-80002.73782828248
-79917.4471294606
-79865.11143897733
-79886.41913757139
-79775.24527291533
-79700.52701024509
-79710.0679929544
-79780.53419090141
-79751.38167987845
-79936.17499737345
-79945.78646969757
-79916.22416287842
-79854.17407060809
-79831.96856041189
-79829.09417632858
-79831.38250424432
-79782.48687074991
-79809.1805360113
-79798.63423833357
-79817.74253905541
-79845.11410316332
-79899.21148290807
-79882.5615270893
-79999.9113666077
-79859.6019892026
-79919.00111327949
-79908.4403559942
-80021.79998797836
-79831.8883113553
-79971.24407040952
-79942.00030994895
-79967.61470943732
-79844.21517552026
-79751.89012102879
-79847.95167934327
-79903.8123068273
-79999.81566763634
-79759.85366480755
-79775.42484940216
-79847.83568149776
-79740.43174465887
-79888.93764403634
-79667.72328734996
-79740.46878437794
-79854.09894953477
-79733.17223990306
-79758.61220342477
-79910.89548698894
-79871.60859113475
-79869.78952284076
-79844.61642186428
-79913.21179674933
-79875.16432332977
-79863.0175689224
-79864.04604667207
-79720.74133052862
-79876.70796484617
-79754.49170691919
-79854.45438790247
-79782.26305276394
-79888.1334066134
-79797.71193745533
-79809.66555909177
-79856.58840385497
-79791.56188714236
-79836.9970996408
-79891.01077281003
-79861.14653947137
-79716.6182776614
-79793.56805790031
-79904.13562853713
-79899.39928155503
-79885.55254831449
-79896.35490375414
-80039.63858074365
-79932.21416955048
-79742.60398888536
-79755.02173865568
-79780.00166307864
-79988.94625365469
-79887.77779201887
-80062.19786007043
-79939.73714029723
-79961.25845381955
-79839.82497047173
-79823.95540479176
-79931.77311215909
-79782.00425390321
-79869.25339659215
-79715.6892122485
-79810.00708008438
-79790.05023977095
-79980.84055704433
-79942.36836363382
-79897.67734666026
-79951.89419963332
-79932.02423140474
-80005.69470968854
-79956.33219393692
-79994.56784169372
-79803.41853529483
-79903.0793012123
-79950.18383092694
-79947.92146932351
-79777.3014779595
-79879.06660801762
-80001.38959131889
-79936.94002317038
-79857.73743807008
-79930.26391384967
-79938.78165870353
-79926.27785144816
-79860.14167179336
-79806.78654239117
-79804.61316563054
-79867.3430269563
-79740.93808449907
-79858.42182181211
-79937.71149358198
-80056.27047067837
-80076.67064012417
-79998.52649667149
-79911.4402585493
-79813.68272396742
-79775.64478892328
-79862.25022268451
-79912.84749386841
-79765.23090420908
-79825.80955028142
-79976.0357615304
-79872.80273348338
-79825.4656502041
-79883.5816273004
-79945.58809314815
-79986.43413358537
-79988.28081990343
-79941.32970107907
-79784.60784959029
-79924.61674394061
-79998.12119312785
-79974.10978784552
-79808.6214789536
-79887.33673508713
-79887.40108632628
-79866.4710060104
-79908.0923369479
-79842.59017503873
-79810.56817204048
-79809.33052927213
-79778.60851067324
-79950.57953743305
-79842.87535216458
-79918.91009631142
-79894.47461951527
-80010.79561090638
-79827.68318041156
-79916.71034299016
-80012.81932380478
-79828.74748563881
-79884.7494467399
-79919.87221296992
-79769.11384795076
-79883.0319628207
-79932.15565683688
-79760.47580472677
-79792.72976983375
-79682.81667275706
-79810.13195096297
-79831.63501908972
-79811.36807114702
-79870.22999875192
-79871.77420887475
-79919.2021213206
-79693.79836853794
-79895.12076647097
-79889.37502467525
-79765.14735406898
-79737.03877634172
-79827.66291118287
-79799.73523577342
-79839.39455858586
-79777.77234754557
-79669.39192234058
-79729.2010881526
-79811.27852662983
-79812.21917801285
-79865.00361609181
-79872.46157603734
-79880.02863121174
-79747.11339941781
-79824.29191672769
-80036.61897356078
-79866.28096263582
-79902.23413890519
-79843.68403274105
-79808.66496181002
-79822.10082300159
-79781.28959827627
-79764.41486891003
-79785.35180614697
-80032.5073779913
-79983.37700019132
-79928.33612289083
-79828.85930290137
-80052.71851478623
-79807.69923980822
-79776.70233682367
-79873.1133458006
-80088.26479089382
-79997.24312313249
-79873.4594467182
-79941.11175699707
-79837.92996058082
-79923.34527985369
-79836.08021828267
-80016.75555790555
-80065.02340857021
-80047.97331816891
-79828.33184182548
-79843.06143355623
-79976.1458249699
-79906.72521344002
-79896.32773971045
-79979.91605710465
-79902.40353745733
-79762.31527193022
-79751.32352076354
-79933.71566428697
-79816.1265330671
-79949.8874199343
-79829.59296229873
-79834.44199545697
-79788.09002668393
-79800.90902504665
-79786.69826945309
-79752.30063730496
-79891.47297206735
-79953.33991932689
-80069.05097805973
-79841.390635414
-79996.83370533735
-79934.46013052204
-79948.11008912038
-79856.24181807658
-79844.76459816586
-79854.74614931781
-80011.9632500934
-79885.64733866867
-79906.48473497061
-79993.01883307523
-79821.62135094445
-79916.94168309942
-79811.42451767375
-79903.89104659596
-79885.13209856952
-79847.03344431867
-79823.21817532116
-79866.18369118204
-79844.92076094454
-79839.89808893167
-79893.14760985582
-79867.26226954385
-80024.08065193825
-79797.48302264143
-79902.5675022997
-79811.07015793213
-79869.86910049258
-79806.32288591618
-79669.77411137341
-79660.33501649063
-79866.55596813801
-79969.16833445517
-79723.70242321813
-79892.85266682817
-79936.51798240608
-79865.35001607644
-79999.25171713691
-79851.93990656099
-79904.45309448028
-80018.09015679767
-79944.05770864557
-79773.22799610232
-79803.0603419292
-79727.81766657313
-79904.24029063563
-79923.6204629194
-79846.72650191153
-79710.90928887996
-79949.96140223928
-79878.03251269479
-79854.4124902992
-79848.12550803047
-79968.19944784514
-79701.93132703874
-79990.9349871569
-79953.4645527837
-79861.65695477046
-79850.20900527963
-79833.53463633783
-79971.98909999838
-80065.75765042075
-79906.187613129
-79788.5854514286
-79726.55096287058
-79755.99717739414
-79887.03400905042
-79777.19241399967
-79875.06151650804
-79834.82019023343
-79931.02960451272
-79900.79904425841
-79799.20432722541
-79935.68123155595
-79837.07651280574
-79927.16437726881
-79807.32835856671
-79938.01407177698
-79876.38650026692
-80029.54987744348
-79917.09389175141
-79936.02741553735
-79818.3274169228
-79773.10862754182
-79744.39531845966
-79742.07468967825
-79839.22188374322
-79835.55483448326
-79843.42300202827
-79856.64771316384
-80007.33661435655
-79950.26767211244
-79653.52774719425
-79659.43426666022
-79826.5907718462
-79804.01115119124
-79863.75742257592
-79884.33608995249
-79880.25526783116
-79878.86524680574
-79806.33355159918
-79966.7885316074
-79880.2922099318
-79869.36539197447
-79935.27333654292
-79862.48991052405
-79783.52427439559
-79740.4262516822
-79806.59252879073
-79798.57401232078
-79924.75736611147
-79760.61442044297
-79916.2797596781
-79872.63999140395
-79844.72655114712
-79633.19238091297
-79799.15633807155
-79803.71467758939
-79867.31373071914
-79951.70521332357
-79910.4304889648
-79862.1779219306
-79838.78229971288
-79731.85375993207
-79809.23566390909
-79807.43862692156
-79844.24721469468
-80046.13957632698
-79879.40099305722
-79826.75771338987
-79831.6792730035
-79679.21727328992
-79785.6558797877
-79761.49061130425
-79785.73050316385
-79825.39613182149
-79960.5408119007
-79945.77052243814
-79816.0857572967
-79920.08408543965
-79930.42704556682
-79779.6787134678
-79945.51162630919
-79924.05424047635
-79933.67348218584
-79931.51085585347
-80032.24367332521
-79822.77337427571
-79780.39449097056
-79761.85407097451
-79974.19194555376
-79960.31503347357
-79906.90303893978
-79906.70543199244
-79791.43886143867
-79953.52947611093
-79782.1523742479
-79817.69025238113
-79957.68931220735
-80048.95486192446
-79728.78294022234
-79881.59804625183
-79977.03628594046
-79811.83547009176
-79877.21378601529
-79885.05025702696
-79785.12227180839
-79698.56161444676
-79756.1183564781
-79897.57986501417
-79817.73011755667
-79718.24250949324
-79816.65662802222
-79710.84951796543
-79855.78935655416
-79797.8195445901
-79871.51989391202
-79977.49878645201
-79718.43261247437
-79766.4810495772
-79798.80361044948
-79711.15435175144
-79904.61728470554
-79864.86493294647
-79906.28419577557
-79868.33297014266
-79927.98689616067
-80043.8428906385
-79891.72487736787
-79954.9340599136
-79847.95550903873
-79936.93769539078
-79911.11325324247
-79689.7804970048
-79916.51584405947
-79917.56396021124
-79874.90849052453
-79907.44392150694
-79854.56260085803
-79750.03809286049
-79767.73984518844
-79746.3337250847
-79995.11794522221
-79845.32724175462
-79752.46561084715
-79778.64128646444
-80012.79945574005
-79844.15934769789
-79780.04356007701
-79841.52128303038
-79877.72276188244
-79951.08940203418
-79986.05096590359
-79808.38432565301
-79835.29264660769
-79798.92045837258
-79923.06341275432
-79898.66545391128
-79737.36657793447
-79872.6506912901
-79990.58974189335
-79868.54408143811
-79931.41021245763
-79841.20551505257
-79761.87140779494
-79903.56275294957
-79843.9138408742
-79999.1256200764
-79825.09042248422
-79872.78764579738
-80056.95232143687
-79828.23570570168
-79836.08117312849
-79974.5203725077
-79820.09650788338
-79783.8987480685
-79812.64533409118
-79915.94279738607
-79870.51691031038
-79857.48286331393
-79973.1035991693
-79807.21683833902
-79760.51677774056
-79777.06714497613
-79876.99350106636
-79803.0236567864
-79915.48886435204
-79895.27404121858
-79838.94950366908
-80043.20624920845
-79809.65993896272
-79910.11015274184
-79864.44738356084
-79936.15093125045
-79821.58071636486
-79941.97460600961
-79868.01470560646
-79887.48373163486
-79983.00841310655
-80006.08613746442
-79837.03255759476
-79862.91489154017
-79955.13834309811
-80019.48109947875
-79986.05684731454
-79990.78624398985
-79903.57483164105
-79988.49097737759
-79879.04309769633
-79830.00512606326
-79776.28852354469
-80005.78325875395
-79941.46661330054
-79820.13231515659
-79942.8329116008
-79938.33314204893
-79841.58631149841
-79908.40985097272
-80029.89402096112
-80112.18169145029
-79886.52742244904
-79885.30542615736
-79928.25466962879
-79804.16970728428
-79794.00923646941
-79857.88743525725
-79794.61363071387
-79812.92113695791
-79831.49856368723
-79709.37526892826
-79889.74111274701
-80026.03154566958
-79952.09386988368
-79988.91331469243
-79841.47070342048
-79755.30966431789
-79777.06497664677
-79785.43491658174
-79917.61714836842
-79933.80534740085
-79726.1495567091
-79722.53376893196
-79816.83761594332
-79759.11809489485
-79849.60165242181
-79927.25889539532
-80133.16545500165
-79813.14502505003
-79785.90269011636
-79922.6396070547
-79918.09452083427
-79845.51879260356
-79790.1480998192
-79913.67472440413
-79982.61446177865
-79870.57183424098
-79958.9038934766
-79804.74647234802
-79856.23912112748
-79811.41051813954
-79841.41451184051
-79856.62181274118
-80050.33822519946
-79950.39592078689
-80016.91102364847
-79956.95928602334
-79853.03338861292
-79867.48810051102
-79739.58501700746
-79918.90140680023
-79786.31114283892
-79862.91054855469
-79900.93041839094
-79865.55233696639
-79829.85916937639
-79936.38226587279
-79974.33627812414
-79889.31464599399
-79852.16508561939
-79940.23209124799
-80015.69366540975
-79842.69738743972
-79786.2014833375
-79915.17847401819
-79881.6477522012
-79869.41661538502
-79909.85339364273
-79745.66160123135
-79747.5089968877
-79889.03087896471
-79811.00940691405
-79910.56310425239
-79831.7188318304
-79975.89123722188
-79929.31346020404
-79886.44775624281
-79876.24357941306
-79884.00672020762
-79660.4730634413
-79875.2618961791
-79827.39478658864
-79811.84179346343
-79907.16186505179
-79888.67351788764
-79936.26650440948
-79889.3031871853
-79868.41980089273
-79841.94438108198
-79781.80245358175
-79912.69765512066
-79907.98707593002
-79887.58816261457
-79914.40334292443
-80050.06332158802
-79841.77186436669
-79782.3854540626
-79950.89282853722
-80133.69165584863
-79922.750304906
-79867.35513218158
-79967.3115017004
-79838.82633006605
-79764.25014204392
-79944.63781555566
-79953.73896194901
-79946.7109921484
-79755.70631170689
-79902.11566521626
-79819.04779240144
-79916.07454943076
-79891.18740096828
-79992.24798028216
-80092.0816864365
-80145.94362807741
-79939.11663969727
-79841.89614668093
-79872.9889878137
-79825.37152448435
-79830.13103824425
-79826.85174238149
-79980.78682304594
-79861.55241958232
-79960.37094906846
-79771.3075400168
-79774.04932478284
-79988.54146009694
-79801.99973317356
-79880.8005274737
-79935.95676996862
-79905.709667339
-79811.80466299837
-79885.82927551967
-79775.97976064427
-79824.87074476025
-79832.84853718858
-79822.28440643038
-79874.81927295093
-79876.41050100674
-79891.80368819718
-79789.71862294049
-79834.7557380645
-79851.83185995668
-79782.38330180325
-79921.4994350834
-79954.86798447504
-79983.83192835322
-79982.97035762134
-79853.47014399742
-79901.10773845784
-79900.61298850269
-79756.98015054851
-79849.08135453386
-80039.56821356571
-79876.49296037569
-79828.6667530481
-79899.45595173172
-79819.50647171578
-79783.37893058688
-79816.40069483696
-79954.66272848437
-79765.63696410185
-79941.67270916194
-79966.75427404138
-79956.62098300339
-80003.4016312691
-79930.40674783457
-79952.0976702834
-79983.48529477509
-79792.00415624666
-79790.43127883376
-79816.52340604071
-79852.44785767522
-79907.47205441838
-79798.6946730022
-79824.35496218181
-79926.81951482345
-79720.08778561268
-79749.87918475887
-79945.34246768076
-79984.61167665273
-79986.71655308499
-80046.6728906462
-80065.61347224782
-80043.06037487
-80044.47079278812
-79967.22521643348
-79790.52544194426
-79784.33572474559
-79924.37584543979
-79880.61794018318
-79753.0016574935
-79897.3871307031
-79899.34911582385
-79775.86141765983
-79767.4468452402
-79845.1329269258
-79774.76043697455
-79910.87639000187
-79912.68202622369
-79825.52640669204
-80014.6803501502
-79821.15746374807
-79811.4278151477
-79810.27679670302
-79900.34958854783
-79843.2416585096
-79803.04245071409
-79813.10695321136
-79837.47766562563
-79884.76567768805
-79915.72762650171
-79908.54126848119
-79809.92810480489
-79976.5768876465
-79840.52799470212
-79782.15632232378
-79816.50200680227
-79911.81261479662
-79889.18944615155
-79847.54332928012
-79814.4414886081
-79783.99692821795
-79804.53773722111
-79811.84776788947
-79738.12751742388
-79903.61980261747
-79790.08240205138
-79945.22556115098
-79816.24774563381
-79786.37678744216
-79956.13563766888
-79882.23980356599
-80064.26919104233
-79850.17316049212
-79854.87161265669
-79695.57301610458
-79856.87831561161
-79714.65246906734
-79838.22727612093
-79797.34015136614
-79748.0683302411
-79830.21862147136
-79872.09196535425
-79991.50469718261
-80029.13888613865
-79783.11496075217
-79714.4801312253
-79950.64072044176
-79967.90172757412
-79978.32458572011
-79983.93248298392
-79905.7529609167
-79718.80069024849
-79768.38401693616
-79764.34339108488
-79881.61092697951
-79876.18432481943
-79974.90849522734
-79881.9332004375
-79867.94802402912
-79798.24363934933
-79807.80540356721
-79885.33134981267
-79791.00912900046
-79760.66068613635
-79891.97118030695
-79857.87454090381
-79883.85539393865
-79933.07386923728
-79919.68982579334
-80003.38175328933
-80049.31028134603
-79965.58460306497
-79649.18299899109
-79823.81407896863
-79873.06311596821
-79923.80186887349
-79740.26157881044
-79898.07834648076
-79720.08978969065
-79821.34699217048
-79997.42547909013
-79857.2233748609
-79882.23541932848
-79878.85129769648
-79973.26333514608
