1000.0
1000.0
1000.0
998.0
1000.0
967.0
1000.0
1000.0
1000.0
1000.0
1000.0
891.0
1000.0
1000.0
694.0
1000.0
1000.0
996.0
0.0
1000.0
1000.0
998.0
1000.0
3.0
1000.0
999.0
1000.0
998.0
998.0
1000.0
1000.0
854.0
999.0
868.0
999.0
1000.0
995.0
1000.0
998.0
1000.0
0.0
1000.0
1000.0
1000.0
1000.0
976.0
999.0
871.0
999.0
1000.0
1000.0
1000.0
0.0
998.0
1000.0
995.0
1000.0
1000.0
612.0
1000.0
1000.0
0.0
1000.0
995.0
999.0
999.0
999.0
999.0
867.0
797.0
999.0
999.0
988.0
843.0
1000.0
1000.0
997.0
3.0
1000.0
996.0
1000.0
967.0
31.0
962.0
1000.0
970.0
1000.0
999.0
1000.0
1000.0
862.0
1000.0
1000.0
1000.0
1000.0
1000.0
995.0
996.0
5.0
1000.0
998.0
1000.0
998.0
996.0
1000.0
1000.0
1000.0
862.0
999.0
1000.0
0.0
0.0
991.0
1000.0
1000.0
999.0
999.0
1000.0
957.0
1000.0
998.0
1000.0
996.0
1000.0
998.0
1000.0
1000.0
1000.0
1000.0
1000.0
856.0
1000.0
873.0
998.0
872.0
1000.0
0.0
1000.0
1000.0
997.0
1000.0
998.0
993.0
0.0
999.0
1000.0
1000.0
0.0
1000.0
998.0
999.0
987.0
1000.0
976.0
882.0
880.0
996.0
1000.0
850.0
996.0
1000.0
1000.0
1000.0
1000.0
1000.0
592.0
1000.0
1000.0
999.0
1000.0
997.0
1000.0
1000.0
1000.0
864.0
997.0
1000.0
1000.0
999.0
996.0
1000.0
1000.0
0.0
1000.0
997.0
1000.0
15.0
997.0
992.0
998.0
1000.0
1000.0
1000.0
868.0
998.0
1000.0
1000.0
1000.0
1000.0
1000.0
535.0
1000.0
1000.0
998.0
865.0
1000.0
1000.0
1000.0
1000.0
1000.0
1000.0
1000.0
1000.0
997.0
996.0
1000.0
1000.0
1000.0
997.0
992.0
1000.0
1000.0
963.0
999.0
1000.0
0.0
1000.0
1000.0
1000.0
1000.0
998.0
1000.0
1000.0
935.0
1000.0
999.0
1000.0
994.0
996.0
993.0
990.0
1000.0
1000.0
855.0
1000.0
1000.0
1000.0
997.0
823.0
1000.0
996.0
1000.0
976.0
1000.0
1000.0
998.0
1000.0
964.0
999.0
1000.0
1000.0
1000.0
1000.0
997.0
997.0
1000.0
1000.0
1000.0
998.0
1000.0
1000.0
0.0
860.0
1000.0
882.0
1000.0
999.0
990.0
865.0
864.0
1000.0
222.0
1000.0
1000.0
1000.0
993.0
1000.0
998.0
999.0
997.0
1000.0
985.0
998.0
0.0
999.0
1000.0
1000.0
1000.0
873.0
1000.0
993.0
1000.0
999.0
1000.0
1000.0
996.0
992.0
1000.0
986.0
1000.0
872.0
995.0
1000.0
865.0
980.0
1000.0
1000.0
75.0
1000.0
1000.0
1000.0
999.0
1000.0
1000.0
1000.0
1000.0
1000.0
1000.0
970.0
1000.0
1000.0
826.0
1000.0
998.0
1000.0
993.0
1000.0
999.0
998.0
1000.0
1000.0
1000.0
868.0
1000.0
969.0
1000.0
1000.0
0.0
876.0
997.0
992.0
998.0
1000.0
997.0
997.0
1000.0
996.0
1000.0
1000.0
1000.0
1000.0
1000.0
1000.0
1000.0
997.0
1000.0
1000.0
1000.0
999.0
1000.0
997.0
995.0
1000.0
1000.0
999.0
998.0
1000.0
1000.0
997.0
864.0
998.0
997.0
1000.0
1000.0
1000.0
1000.0
1000.0
1000.0
999.0
996.0
999.0
1000.0
1000.0
1000.0
1000.0
1000.0
990.0
998.0
1000.0
1.0
1000.0
990.0
1000.0
1000.0
5.0
1000.0
986.0
883.0
998.0
857.0
1000.0
1000.0
995.0
1000.0
995.0
1000.0
1000.0
1000.0
996.0
1000.0
999.0
859.0
1000.0
1000.0
1000.0
1000.0
999.0
1000.0
834.0
770.0
999.0
1000.0
1000.0
859.0
1000.0
992.0
990.0
998.0
999.0
993.0
1000.0
1000.0
1000.0
1000.0
1000.0
1000.0
1000.0
1000.0
1000.0
1000.0
1000.0
967.0
998.0
878.0
997.0
999.0
999.0
1000.0
999.0
1000.0
876.0
1000.0
865.0
862.0
1000.0
1000.0
0.0
1000.0
1000.0
1000.0
999.0
1000.0
1000.0
1000.0
1000.0
1000.0
846.0
1000.0
996.0
998.0
986.0
867.0
1000.0
1000.0
996.0
959.0
993.0
1000.0
44.0
1000.0
1000.0
865.0
998.0
992.0
839.0
1000.0
1000.0
997.0
1000.0
865.0
1000.0
1000.0
1000.0
995.0
999.0
1000.0
1000.0
1000.0
995.0
1000.0
1000.0
1000.0
1000.0
999.0
1000.0
990.0
1000.0
1000.0
859.0
860.0
855.0
1000.0
1000.0
875.0
1000.0
873.0
1000.0
1000.0
1000.0
1000.0
1000.0
876.0
1000.0
1000.0
858.0
1000.0
992.0
869.0
870.0
854.0
992.0
857.0
1000.0
864.0
1000.0
998.0
0.0
880.0
999.0
995.0
1000.0
863.0
1000.0
1000.0
991.0
865.0
1000.0
1000.0
884.0
1000.0
1000.0
997.0
878.0
1000.0
1000.0
999.0
996.0
867.0
1000.0
1000.0
1000.0
896.0
1000.0
997.0
1000.0
1000.0
1000.0
1000.0
1000.0
998.0
877.0
1000.0
864.0
889.0
1000.0
856.0
1000.0
1000.0
54.0
969.0
1000.0
1000.0
1000.0
999.0
865.0
0.0
1000.0
1000.0
1000.0
1000.0
878.0
867.0
1000.0
1000.0
1000.0
881.0
843.0
1000.0
1000.0
1000.0
1000.0
1000.0
996.0
7.0
870.0
867.0
859.0
1000.0
1000.0
1000.0
987.0
1000.0
987.0
1000.0
1000.0
1000.0
998.0
1000.0
998.0
1000.0
1000.0
0.0
1000.0
1000.0
854.0
1000.0
1000.0
993.0
858.0
997.0
1000.0
836.0
1000.0
999.0
830.0
999.0
1000.0
858.0
882.0
986.0
999.0
1000.0
998.0
1000.0
1000.0
1000.0
1000.0
999.0
992.0
996.0
999.0
1000.0
995.0
996.0
858.0
1000.0
323.0
872.0
1000.0
0.0
859.0
0.0
998.0
1000.0
1000.0
1000.0
996.0
871.0
0.0
1000.0
1000.0
1000.0
989.0
1000.0
1000.0
995.0
998.0
876.0
1000.0
1000.0
1000.0
76.0
1000.0
871.0
856.0
995.0
996.0
1000.0
1000.0
995.0
866.0
1000.0
1000.0
998.0
860.0
1000.0
1000.0
1000.0
1000.0
998.0
1000.0
1000.0
996.0
989.0
964.0
863.0
1000.0
1000.0
998.0
1000.0
1000.0
1000.0
1000.0
952.0
998.0
1000.0
1000.0
1000.0
1000.0
996.0
1000.0
1000.0
1000.0
0.0
996.0
1000.0
998.0
865.0
1000.0
242.0
1000.0
1000.0
998.0
1000.0
881.0
1000.0
996.0
995.0
865.0
997.0
1000.0
998.0
1000.0
1000.0
1000.0
1000.0
888.0
1000.0
1000.0
849.0
999.0
1000.0
0.0
996.0
1000.0
998.0
1000.0
674.0
996.0
1000.0
995.0
1000.0
1000.0
863.0
863.0
1000.0
999.0
999.0
1000.0
1000.0
999.0
1000.0
1000.0
1000.0
996.0
998.0
856.0
999.0
556.0
881.0
1000.0
999.0
876.0
1000.0
880.0
1000.0
861.0
1000.0
1000.0
1000.0
1000.0
1000.0
0.0
1000.0
1000.0
1000.0
857.0
1000.0
999.0
997.0
881.0
999.0
845.0
998.0
1000.0
994.0
996.0
1000.0
861.0
1000.0
0.0
1000.0
880.0
999.0
1000.0
1000.0
991.0
997.0
1000.0
1000.0
1000.0
1000.0
1000.0
1000.0
1000.0
1000.0
1000.0
1000.0
1000.0
1000.0
1000.0
865.0
1000.0
1000.0
1000.0
1000.0
1000.0
1000.0
1000.0
684.0
1000.0
996.0
1000.0
1000.0
1000.0
879.0
1000.0
865.0
1000.0
1000.0
961.0
1000.0
873.0
996.0
1000.0
1000.0
1000.0
104.0
1000.0
1000.0
1000.0
995.0
1000.0
1000.0
1000.0
1000.0
1000.0
1000.0
1000.0
1000.0
879.0
653.0
997.0
996.0
998.0
1000.0
28.0
868.0
1000.0
968.0
986.0
1000.0
1000.0
965.0
1000.0
1000.0
1000.0
1000.0
1000.0
1.0
1000.0
994.0
76.0
1000.0
999.0
996.0
999.0
390.0
1000.0
1000.0
996.0
1000.0
958.0
851.0
992.0
326.0
1000.0
872.0
1000.0
1000.0
1000.0
999.0
998.0
1000.0
1000.0
998.0
1000.0
1000.0
1000.0
991.0
1000.0
853.0
1000.0
862.0
852.0
1000.0
998.0
993.0
1000.0
1000.0
999.0
998.0
997.0
999.0
1000.0
1000.0
1000.0
1000.0
1000.0
1000.0
1000.0
1000.0
1000.0
1000.0
1000.0
999.0
1000.0
991.0
1000.0
858.0
999.0
1000.0
1.0
994.0
958.0
1000.0
1000.0
1000.0
997.0
1000.0
1000.0
1000.0
988.0
1000.0
776.0
1000.0
1000.0
1000.0
970.0
881.0
999.0
1000.0
1000.0
1000.0
999.0
1000.0
846.0
1000.0
1000.0
1000.0
1000.0
1000.0
0.0
999.0
1000.0
1000.0
1000.0
999.0
997.0
1000.0
1000.0
991.0
863.0
1000.0
1000.0
1000.0
1000.0
994.0
996.0
990.0
1000.0
1000.0
1000.0
995.0
1000.0
1000.0
0.0
1000.0
0.0
1000.0
999.0
997.0
67.0
876.0
846.0
1000.0
1000.0
997.0
1000.0
997.0
1000.0
830.0
997.0
0.0
998.0
1000.0
168.0
1000.0
1000.0
1000.0
792.0
994.0
85.0
992.0
1000.0
1000.0
1000.0
1000.0
865.0
1000.0
1000.0
1000.0
1000.0
1000.0
1000.0
1000.0
0.0
0.0
0.0
1000.0
1000.0
1000.0
1000.0
999.0
1000.0
1000.0
1000.0
997.0
1000.0
1000.0
1000.0
649.0
876.0
994.0
999.0
1000.0
997.0
999.0
70.0
1000.0
1000.0
1000.0
868.0
993.0
997.0
1000.0
1000.0
866.0
1000.0
999.0
1000.0
1000.0
1000.0
1000.0
1000.0
1000.0
997.0
1000.0
1000.0
1000.0
1000.0
996.0
1000.0
894.0
999.0
996.0
1000.0
1000.0
996.0
1000.0
1000.0
851.0
1000.0
1000.0
987.0
1000.0
1000.0
1000.0
1000.0
1000.0
872.0
1000.0
1000.0
880.0
1000.0
992.0
1000.0
1000.0
858.0
997.0
865.0
634.0
0.0
867.0
995.0
997.0
1000.0
878.0
1000.0
1000.0
1000.0
999.0
1000.0
1000.0
1000.0
1000.0
847.0
0.0
1000.0
1000.0
1000.0
999.0
872.0
884.0
878.0
1000.0
998.0
1000.0
0.0
874.0
1000.0
1000.0
1000.0
991.0
865.0
991.0
1000.0
864.0
1000.0
870.0
1000.0
1000.0
1000.0
999.0
1000.0
1000.0
997.0
993.0
875.0
1000.0
1000.0
1000.0
1000.0
10.0
1000.0
997.0
998.0
995.0
1000.0
991.0
1000.0
967.0
985.0
992.0
1000.0
1000.0
1000.0
867.0
1000.0
1000.0
1000.0
249.0
1000.0
999.0
875.0
1000.0
1000.0
1000.0
810.0
76.0
997.0
1000.0
1000.0
1000.0
1000.0
1000.0
1000.0
1000.0
1000.0
0.0
0.0
1000.0
877.0
877.0
1000.0
1000.0
1000.0
1000.0
982.0
871.0
0.0
1000.0
1000.0
863.0
1000.0
1000.0
1000.0
1000.0
1000.0
7.0
1000.0
824.0
1000.0
1000.0
1000.0
864.0
1000.0
993.0
1000.0
1000.0
1000.0
1000.0
835.0
1000.0
998.0
1000.0
20.0
997.0
1000.0
1000.0
998.0
1000.0
855.0
1000.0
861.0
1000.0
1000.0
1000.0
998.0
1000.0
1000.0
1000.0
1000.0
996.0
1000.0
875.0
1000.0
998.0
999.0
1000.0
998.0
1000.0
1000.0
1000.0
1000.0
881.0
962.0
991.0
1000.0
1000.0
1000.0
1000.0
1000.0
1000.0
1000.0
1000.0
864.0
998.0
1000.0
1000.0
0.0
1000.0
999.0
1000.0
851.0
1000.0
993.0
1000.0
1000.0
1000.0
1000.0
1000.0
1000.0
873.0
999.0
998.0
1000.0
865.0
604.0
1000.0
1000.0
1000.0
1000.0
1000.0
997.0
1000.0
871.0
1000.0
1000.0
1000.0
45.0
1000.0
1000.0
995.0
1000.0
999.0
988.0
1000.0
1000.0
1000.0
996.0
993.0
1000.0
1000.0
1000.0
996.0
1000.0
859.0
999.0
0.0
1000.0
872.0
874.0
0.0
1000.0
1000.0
1000.0
1000.0
1000.0
996.0
927.0
877.0
1000.0
854.0
1000.0
1000.0
1000.0
1000.0
1000.0
1000.0
990.0
1000.0
1000.0
997.0
995.0
1000.0
1000.0
1000.0
997.0
1000.0
1000.0
1000.0
1000.0
995.0
1000.0
1000.0
0.0
997.0
999.0
1000.0
1000.0
1000.0
1000.0
1000.0
996.0
1000.0
1000.0
996.0
886.0
997.0
998.0
997.0
1000.0
872.0
1000.0
17.0
1000.0
1000.0
997.0
999.0
1000.0
1000.0
997.0
1000.0
999.0
871.0
1000.0
998.0
998.0
995.0
878.0
1000.0
1000.0
999.0
1000.0
1000.0
984.0
864.0
997.0
878.0
1000.0
873.0
1000.0
996.0
1000.0
1000.0
1000.0
838.0
1000.0
0.0
1000.0
1000.0
1000.0
999.0
1000.0
841.0
873.0
951.0
1000.0
1000.0
1000.0
1000.0
998.0
1000.0
1000.0
1000.0
1000.0
999.0
1000.0
1000.0
1000.0
0.0
994.0
0.0
1000.0
1000.0
1000.0
993.0
862.0
1000.0
860.0
852.0
80.0
0.0
834.0
1000.0
1000.0
999.0
876.0
1000.0
648.0
1000.0
1000.0
1000.0
1000.0
1000.0
996.0
513.0
999.0
874.0
1000.0
1000.0
1000.0
1000.0
1000.0
877.0
1000.0
1000.0
1000.0
1000.0
1000.0
1000.0
853.0
999.0
0.0
1000.0
995.0
999.0
64.0
993.0
878.0
997.0
997.0
0.0
997.0
870.0
820.0
998.0
999.0
1000.0
1000.0
1000.0
860.0
1000.0
647.0
854.0
996.0
15.0
857.0
1000.0
880.0
853.0
846.0
1000.0
992.0
1000.0
863.0
827.0
861.0
999.0
875.0
1000.0
1000.0
1000.0
994.0
863.0
1000.0
967.0
1000.0
1000.0
1000.0
1000.0
999.0
998.0
1000.0
870.0
995.0
0.0
1000.0
0.0
998.0
1000.0
1000.0
1000.0
858.0
1000.0
1000.0
884.0
999.0
851.0
998.0
1000.0
1000.0
1000.0
1000.0
1000.0
969.0
860.0
1000.0
998.0
1000.0
968.0
1000.0
875.0
1000.0
980.0
1000.0
1000.0
1000.0
1000.0
1000.0
868.0
999.0
1000.0
1000.0
1000.0
1000.0
1000.0
1000.0
868.0
1000.0
1000.0
866.0
0.0
992.0
995.0
998.0
1000.0
1000.0
885.0
1000.0
1000.0
1000.0
998.0
1000.0
858.0
998.0
967.0
1000.0
1000.0
864.0
1000.0
1000.0
882.0
3.0
1000.0
878.0
850.0
941.0
1000.0
964.0
872.0
998.0
1000.0
1000.0
1000.0
971.0
1000.0
998.0
1000.0
1000.0
992.0
1000.0
865.0
1000.0
998.0
970.0
1000.0
1000.0
1000.0
1000.0
1000.0
996.0
997.0
1000.0
1000.0
1000.0
863.0
993.0
1000.0
1000.0
997.0
993.0
990.0
1000.0
1000.0
605.0
1000.0
1000.0
999.0
1000.0
1000.0
838.0
972.0
893.0
1000.0
0.0
1000.0
1000.0
871.0
1000.0
1000.0
1000.0
1000.0
998.0
1000.0
1000.0
1000.0
998.0
999.0
870.0
235.0
883.0
1000.0
957.0
1000.0
0.0
997.0
1000.0
1000.0
1000.0
1000.0
1000.0
1000.0
1000.0
1000.0
875.0
1000.0
988.0
1000.0
874.0
1000.0
986.0
1000.0
995.0
1000.0
1000.0
809.0
1000.0
1000.0
997.0
1000.0
990.0
993.0
994.0
1000.0
997.0
1000.0
1000.0
998.0
1000.0
1000.0
1000.0
1000.0
1000.0
865.0
1000.0
1000.0
850.0
840.0
999.0
997.0
1000.0
1000.0
871.0
1000.0
1000.0
1000.0
997.0
999.0
899.0
1000.0
999.0
1000.0
995.0
875.0
998.0
1000.0
0.0
865.0
961.0
998.0
990.0
822.0
1000.0
988.0
1000.0
999.0
877.0
993.0
551.0
1000.0
999.0
999.0
1000.0
510.0
1000.0
997.0
1000.0
997.0
998.0
1000.0
985.0
981.0
859.0
885.0
1000.0
876.0
1000.0
0.0
1000.0
860.0
0.0
1000.0
1000.0
1000.0
1000.0
1000.0
996.0
1000.0
1000.0
999.0
999.0
995.0
1000.0
998.0
1000.0
865.0
1000.0
1000.0
998.0
1000.0
875.0
1000.0
829.0
992.0
1000.0
1000.0
1000.0
1000.0
1000.0
1000.0
1000.0
867.0
1000.0
1000.0
869.0
853.0
1000.0
0.0
1000.0
1000.0
859.0
1000.0
996.0
1000.0
1000.0
1000.0
857.0
1000.0
865.0
1000.0
996.0
999.0
1000.0
1000.0
1000.0
1000.0
996.0
1000.0
879.0
1000.0
1000.0
993.0
1000.0
992.0
1000.0
1000.0
968.0
1000.0
997.0
1000.0
1000.0
967.0
977.0
1000.0
345.0
997.0
1000.0
999.0
852.0
993.0
880.0
868.0
876.0
1000.0
860.0
1000.0
1000.0
1000.0
992.0
1000.0
1000.0
837.0
1000.0
987.0
998.0
1000.0
998.0
999.0
1000.0
1000.0
1000.0
927.0
1000.0
1000.0
1000.0
862.0
1000.0
991.0
873.0
1000.0
975.0
963.0
993.0
1000.0
0.0
989.0
864.0
1000.0
998.0
1000.0
1000.0
1000.0
1000.0
1000.0
872.0
993.0
862.0
1000.0
1000.0
1000.0
1000.0
867.0
1000.0
997.0
1000.0
1000.0
999.0
1000.0
1000.0
1000.0
999.0
993.0
1000.0
0.0
1000.0
999.0
1000.0
870.0
1000.0
1000.0
999.0
1000.0
1000.0
1000.0
858.0
870.0
822.0
834.0
1000.0
1000.0
1000.0
1000.0
0.0
1000.0
989.0
1000.0
1000.0
1000.0
0.0
1000.0
998.0
1000.0
1000.0
986.0
994.0
974.0
999.0
1000.0
1000.0
993.0
988.0
998.0
995.0
994.0
875.0
995.0
1000.0
1000.0
998.0
1000.0
996.0
850.0
998.0
1000.0
997.0
1000.0
1000.0
1000.0
1000.0
1000.0
998.0
998.0
997.0
1000.0
1000.0
1000.0
1000.0
997.0
1000.0
1000.0
862.0
19.0
1000.0
859.0
998.0
871.0
883.0
998.0
995.0
846.0
1000.0
987.0
1000.0
1000.0
1000.0
1000.0
1000.0
1000.0
1000.0
998.0
1000.0
998.0
991.0
999.0
637.0
1000.0
1000.0
1000.0
1000.0
1000.0
1000.0
998.0
1000.0
868.0
0.0
1000.0
871.0
867.0
1000.0
1000.0
1000.0
994.0
73.0
1000.0
93.0
1000.0
1000.0
1000.0
1000.0
1000.0
1000.0
1000.0
988.0
998.0
998.0
1000.0
859.0
1000.0
872.0
1000.0
1000.0
1000.0
1000.0
518.0
1000.0
1000.0
891.0
999.0
1000.0
31.0
867.0
1000.0
1000.0
1000.0
1000.0
1000.0
1000.0
996.0
1000.0
998.0
999.0
1000.0
999.0
868.0
869.0
1000.0
1000.0
1000.0
879.0
1000.0
1000.0
1000.0
1000.0
998.0
1000.0
999.0
1000.0
882.0
998.0
994.0
999.0
1000.0
1000.0
995.0
989.0
1000.0
1000.0
1000.0
1000.0
877.0
379.0
1000.0
1000.0
0.0
1000.0
991.0
0.0
1000.0
999.0
868.0
91.0
843.0
994.0
858.0
0.0
998.0
1000.0
1000.0
996.0
1000.0
1000.0
860.0
1000.0
1000.0
869.0
1000.0
989.0
862.0
888.0
89.0
1000.0
0.0
1000.0
997.0
1000.0
1000.0
996.0
1000.0
996.0
1000.0
1000.0
994.0
1000.0
989.0
1000.0
1000.0
996.0
1000.0
997.0
1000.0
896.0
1000.0
1000.0
999.0
1000.0
1000.0
854.0
141.0
1000.0
1000.0
867.0
1000.0
1000.0
0.0
1000.0
4.0
1000.0
0.0
1000.0
996.0
1000.0
27.0
998.0
0.0
998.0
1000.0
1000.0
1000.0
1000.0
867.0
1000.0
1000.0
1000.0
999.0
1000.0
1000.0
1000.0
1000.0
997.0
1000.0
1000.0
997.0
520.0
995.0
999.0
1000.0
1000.0
1000.0
995.0
0.0
1000.0
999.0
1000.0
1000.0
1000.0
857.0
1000.0
827.0
1000.0
1000.0
999.0
995.0
868.0
993.0
892.0
1000.0
997.0
1000.0
997.0
1000.0
993.0
1000.0
1000.0
1000.0
1000.0
867.0
1000.0
1000.0
1000.0
999.0
822.0
6.0
991.0
985.0
994.0
1000.0
1000.0
1000.0
1000.0
1000.0
1000.0
843.0
988.0
19.0
999.0
1000.0
992.0
1000.0
1000.0
998.0
975.0
957.0
997.0
1000.0
1000.0
1000.0
835.0
857.0
1000.0
612.0
1000.0
1000.0
1000.0
1000.0
998.0
997.0
29.0
1000.0
858.0
1000.0
987.0
863.0
1000.0
75.0
994.0
1000.0
1000.0
1000.0
1000.0
886.0
993.0
1000.0
857.0
1000.0
999.0
862.0
998.0
855.0
999.0
1000.0
1000.0
889.0
988.0
1000.0
853.0
999.0
1000.0
1000.0
1000.0
876.0
864.0
1000.0
966.0
989.0
1000.0
1000.0
1000.0
1000.0
851.0
1000.0
997.0
1000.0
1000.0
1000.0
1000.0
999.0
1000.0
1000.0
999.0
998.0
894.0
15.0
1000.0
998.0
999.0
999.0
0.0
1000.0
882.0
1000.0
1000.0
1000.0
1000.0
1000.0
999.0
870.0
870.0
1000.0
999.0
995.0
1000.0
1000.0
998.0
1000.0
1000.0
1000.0
1000.0
636.0
1000.0
859.0
860.0
1000.0
1000.0
866.0
1000.0
1000.0
987.0
1000.0
1000.0
997.0
1000.0
985.0
992.0
863.0
996.0
1000.0
1000.0
1000.0
1000.0
837.0
1000.0
1000.0
0.0
998.0
995.0
1000.0
993.0
1000.0
836.0
1000.0
969.0
998.0
978.0
1000.0
625.0
860.0
1000.0
1000.0
0.0
1000.0
1000.0
858.0
1000.0
1000.0
882.0
1000.0
998.0
1000.0
989.0
991.0
1000.0
0.0
1000.0
1000.0
1000.0
997.0
993.0
983.0
989.0
854.0
857.0
859.0
872.0
998.0
1000.0
1000.0
1000.0
964.0
0.0
1000.0
855.0
1000.0
64.0
870.0
999.0
1000.0
979.0
997.0
841.0
1000.0
998.0
994.0
997.0
1000.0
862.0
0.0
1000.0
1000.0
968.0
996.0
854.0
1000.0
1000.0
975.0
1000.0
1000.0
997.0
998.0
1000.0
991.0
880.0
1000.0
1000.0
989.0
1000.0
1000.0
1000.0
1000.0
1000.0
1000.0
995.0
1000.0
1000.0
856.0
1000.0
1000.0
1000.0
1000.0
993.0
1000.0
1000.0
1.0
999.0
1000.0
236.0
998.0
998.0
997.0
1000.0
1000.0
1000.0
1000.0
1000.0
962.0
992.0
861.0
860.0
0.0
1000.0
998.0
1000.0
871.0
1000.0
1000.0
1000.0
998.0
1000.0
1000.0
0.0
998.0
1000.0
1000.0
996.0
998.0
852.0
1000.0
1000.0
999.0
1000.0
998.0
1000.0
873.0
1000.0
989.0
871.0
999.0
1000.0
1000.0
1000.0
1000.0
0.0
1000.0
837.0
996.0
1000.0
1000.0
1000.0
1000.0
998.0
868.0
1000.0
485.0
1000.0
878.0
1000.0
1000.0
1000.0
1000.0
997.0
1000.0
862.0
1000.0
1000.0
1000.0
1000.0
1000.0
969.0
1000.0
1000.0
1000.0
871.0
861.0
1000.0
14.0
887.0
853.0
1000.0
1000.0
995.0
1000.0
849.0
1000.0
955.0
867.0
1000.0
1000.0
1000.0
1000.0
573.0
995.0
1000.0
828.0
1000.0
1000.0
998.0
998.0
998.0
990.0
1000.0
998.0
1000.0
1000.0
858.0
884.0
999.0
998.0
77.0
1000.0
999.0
872.0
1000.0
998.0
860.0
1000.0
1000.0
571.0
993.0
864.0
872.0
879.0
1000.0
1000.0
996.0
867.0
1000.0
880.0
998.0
1000.0
1000.0
868.0
844.0
984.0
997.0
997.0
1000.0
83.0
869.0
872.0
996.0
996.0
862.0
1000.0
987.0
1000.0
1000.0
851.0
1000.0
851.0
1000.0
999.0
1000.0
0.0
992.0
1000.0
992.0
995.0
848.0
997.0
771.0
998.0
998.0
876.0
1000.0
997.0
987.0
1000.0
998.0
1000.0
1000.0
1000.0
1000.0
998.0
999.0
128.0
997.0
999.0
1000.0
998.0
867.0
1000.0
1000.0
864.0
999.0
862.0
877.0
1000.0
1000.0
1000.0
1000.0
997.0
1000.0
991.0
851.0
884.0
1000.0
870.0
1000.0
1000.0
1000.0
1000.0
1000.0
1000.0
1000.0
834.0
998.0
1000.0
997.0
859.0
874.0
950.0
1000.0
860.0
1000.0
1000.0
878.0
998.0
1000.0
1000.0
999.0
1000.0
1000.0
873.0
1000.0
1000.0
999.0
1000.0
1000.0
839.0
19.0
38.0
1000.0
1000.0
1000.0
891.0
997.0
1000.0
842.0
1000.0
1000.0
1000.0
995.0
1000.0
1000.0
1000.0
856.0
1000.0
1000.0
1000.0
994.0
966.0
996.0
0.0
852.0
1000.0
1000.0
999.0
1000.0
1000.0
1000.0
994.0
1000.0
885.0
997.0
1000.0
1000.0
998.0
1000.0
1000.0
999.0
876.0
1000.0
998.0
998.0
1000.0
878.0
1000.0
995.0
877.0
1000.0
1000.0
999.0
1000.0
1000.0
1000.0
871.0
1000.0
1000.0
992.0
863.0
996.0
1000.0
1000.0
999.0
994.0
1000.0
996.0
1000.0
1000.0
1000.0
988.0
1000.0
1000.0
995.0
1000.0
1000.0
1000.0
1000.0
866.0
996.0
1000.0
998.0
858.0
931.0
1000.0
998.0
877.0
1000.0
997.0
1000.0
1000.0
997.0
868.0
997.0
999.0
1000.0
995.0
210.0
1000.0
993.0
998.0
1000.0
988.0
1000.0
16.0
992.0
997.0
999.0
1000.0
1000.0
1000.0
1000.0
1000.0
0.0
856.0
109.0
1000.0
1000.0
9.0
865.0
1000.0
1000.0
992.0
884.0
1000.0
977.0
1000.0
880.0
1000.0
990.0
864.0
1000.0
861.0
989.0
864.0
1000.0
1000.0
996.0
1000.0
878.0
859.0
997.0
1000.0
869.0
1000.0
847.0
996.0
1000.0
962.0
1000.0
1000.0
992.0
1000.0
993.0
851.0
999.0
1000.0
999.0
1000.0
998.0
1000.0
996.0
1000.0
1000.0
1000.0
1000.0
1000.0
1000.0
998.0
1000.0
1000.0
1000.0
895.0
1000.0
1000.0
1000.0
0.0
999.0
46.0
1000.0
879.0
1000.0
998.0
999.0
978.0
1000.0
1000.0
1000.0
1000.0
1000.0
816.0
997.0
1000.0
873.0
1000.0
1000.0
1000.0
1000.0
851.0
1000.0
1000.0
992.0
1000.0
891.0
1000.0
995.0
1000.0
1000.0
886.0
1000.0
1000.0
1000.0
871.0
1000.0
866.0
998.0
855.0
880.0
1000.0
1000.0
1000.0
1000.0
1000.0
998.0
0.0
1000.0
980.0
958.0
1000.0
1000.0
1000.0
997.0
986.0
995.0
0.0
1000.0
1000.0
1000.0
1000.0
1000.0
850.0
1000.0
1000.0
1000.0
998.0
996.0
1000.0
1000.0
876.0
1000.0
1000.0
1000.0
999.0
998.0
876.0
577.0
1000.0
997.0
1000.0
865.0
215.0
1000.0
997.0
1000.0
1000.0
1000.0
1000.0
1000.0
863.0
997.0
1000.0
423.0
1000.0
501.0
998.0
1000.0
1000.0
999.0
996.0
1000.0
866.0
1000.0
1000.0
1000.0
1000.0
996.0
1000.0
1000.0
1000.0
1000.0
1000.0
999.0
225.0
999.0
1000.0
994.0
1000.0
998.0
1000.0
1000.0
1000.0
1000.0
1000.0
865.0
1000.0
874.0
18.0
1000.0
1000.0
964.0
862.0
1000.0
1000.0
961.0
969.0
1000.0
1000.0
1000.0
871.0
1000.0
997.0
1000.0
997.0
571.0
998.0
1000.0
867.0
851.0
999.0
996.0
998.0
1000.0
864.0
1000.0
997.0
971.0
999.0
994.0
1000.0
1000.0
999.0
867.0
1000.0
995.0
26.0
997.0
996.0
1000.0
1000.0
1000.0
967.0
998.0
995.0
998.0
1000.0
1000.0
999.0
996.0
1000.0
1000.0
999.0
1000.0
1000.0
1000.0
991.0
876.0
1000.0
844.0
1000.0
999.0
1000.0
997.0
864.0
975.0
1000.0
870.0
1000.0
883.0
862.0
1000.0
843.0
1000.0
997.0
999.0
1000.0
1000.0
995.0
999.0
998.0
959.0
1000.0
1000.0
0.0
992.0
1000.0
1000.0
1000.0
1000.0
1000.0
0.0
866.0
992.0
865.0
997.0
1000.0
1000.0
1000.0
1000.0
997.0
950.0
867.0
999.0
15.0
1000.0
999.0
995.0
1000.0
1000.0
1000.0
964.0
1000.0
998.0
991.0
997.0
998.0
1000.0
1000.0
860.0
990.0
998.0
1000.0
1000.0
1000.0
1000.0
1000.0
209.0
1000.0
1000.0
1000.0
1000.0
1000.0
998.0
883.0
967.0
1000.0
1000.0
1000.0
1000.0
1000.0
874.0
998.0
999.0
998.0
998.0
871.0
1000.0
998.0
1000.0
1000.0
999.0
844.0
840.0
734.0
998.0
998.0
999.0
999.0
851.0
881.0
881.0
873.0
992.0
999.0
998.0
999.0
862.0
873.0
857.0
872.0
997.0
862.0
1000.0
996.0
994.0
992.0
999.0
1000.0
998.0
1000.0
997.0
1000.0
999.0
1000.0
1000.0
867.0
851.0
1000.0
1000.0
1000.0
1000.0
1000.0
1000.0
1000.0
1000.0
863.0
893.0
988.0
999.0
0.0
1000.0
1000.0
851.0
986.0
1000.0
1000.0
1000.0
869.0
1000.0
997.0
991.0
850.0
1000.0
990.0
1000.0
16.0
1000.0
1000.0
1000.0
996.0
1000.0
857.0
998.0
990.0
997.0
998.0
873.0
867.0
999.0
1000.0
1000.0
0.0
1000.0
1000.0
1000.0
1000.0
997.0
856.0
998.0
1000.0
1000.0
1000.0
1000.0
998.0
870.0
1000.0
989.0
1000.0
0.0
1000.0
885.0
989.0
872.0
1000.0
994.0
998.0
1000.0
869.0
997.0
998.0
836.0
1000.0
995.0
1000.0
1000.0
1000.0
1000.0
1000.0
1000.0
1000.0
997.0
997.0
16.0
1000.0
1000.0
1000.0
998.0
1000.0
1000.0
996.0
1000.0
997.0
1000.0
1000.0
1000.0
1000.0
998.0
996.0
1000.0
970.0
1000.0
1000.0
855.0
0.0
1000.0
0.0
134.0
1000.0
1000.0
1000.0
1000.0
868.0
863.0
1000.0
1000.0
1000.0
999.0
988.0
868.0
1000.0
1000.0
1000.0
988.0
862.0
1000.0
858.0
1000.0
1000.0
1000.0
861.0
1000.0
999.0
1000.0
92.0
877.0
1000.0
1000.0
684.0
999.0
1000.0
857.0
1000.0
999.0
1000.0
1000.0
1000.0
1000.0
869.0
1000.0
856.0
1000.0
1000.0
990.0
1000.0
834.0
1000.0
998.0
994.0
995.0
1000.0
1000.0
456.0
999.0
994.0
1000.0
1000.0
1000.0
1000.0
0.0
851.0
1000.0
1000.0
32.0
994.0
998.0
1000.0
1000.0
1000.0
996.0
1000.0
847.0
998.0
1000.0
1000.0
996.0
866.0
1000.0
1000.0
866.0
998.0
1000.0
0.0
995.0
1000.0
997.0
1000.0
56.0
1000.0
1000.0
999.0
998.0
1000.0
38.0
1000.0
997.0
999.0
1000.0
997.0
1000.0
1000.0
998.0
845.0
1000.0
1000.0
998.0
1000.0
852.0
1000.0
1000.0
1000.0
1000.0
1000.0
872.0
1000.0
993.0
539.0
997.0
1000.0
1000.0
1000.0
852.0
999.0
1000.0
999.0
1000.0
1000.0
998.0
1000.0
990.0
1000.0
1000.0
941.0
1000.0
841.0
1000.0
869.0
991.0
998.0
1000.0
998.0
872.0
870.0
1000.0
1000.0
996.0
1000.0
1000.0
1000.0
879.0
1000.0
1000.0
857.0
880.0
1000.0
998.0
970.0
16.0
875.0
969.0
1000.0
1000.0
1000.0
998.0
987.0
997.0
1000.0
998.0
991.0
861.0
1000.0
1000.0
1000.0
1000.0
999.0
1000.0
999.0
996.0
924.0
989.0
854.0
1000.0
57.0
994.0
872.0
987.0
1000.0
1000.0
1000.0
1000.0
999.0
1000.0
996.0
999.0
991.0
1000.0
871.0
876.0
860.0
988.0
867.0
1000.0
1000.0
1000.0
215.0
1000.0
99.0
999.0
999.0
879.0
1000.0
1000.0
866.0
879.0
967.0
1000.0
954.0
1000.0
1000.0
867.0
855.0
1000.0
860.0
995.0
1000.0
862.0
1000.0
1000.0
1000.0
1000.0
1000.0
997.0
1000.0
886.0
1000.0
993.0
990.0
1000.0
1000.0
999.0
0.0
998.0
844.0
1000.0
0.0
1000.0
868.0
1000.0
1000.0
853.0
1000.0
1000.0
1000.0
999.0
1000.0
1000.0
998.0
857.0
999.0
998.0
0.0
650.0
1000.0
1000.0
862.0
999.0
1000.0
992.0
995.0
999.0
849.0
1000.0
860.0
996.0
1000.0
1000.0
846.0
870.0
988.0
1000.0
1000.0
958.0
999.0
999.0
995.0
1000.0
0.0
1000.0
868.0
1000.0
1000.0
1000.0
999.0
1000.0
996.0
957.0
56.0
1000.0
1000.0
872.0
993.0
999.0
872.0
1000.0
1000.0
997.0
1000.0
1000.0
999.0
999.0
1000.0
882.0
995.0
1000.0
1000.0
1000.0
1000.0
858.0
996.0
1000.0
1000.0
845.0
1000.0
967.0
1000.0
999.0
997.0
878.0
999.0
881.0
989.0
1000.0
832.0
869.0
987.0
1000.0
19.0
866.0
997.0
1000.0
1000.0
1000.0
0.0
997.0
1000.0
73.0
941.0
872.0
1000.0
1000.0
995.0
864.0
1000.0
996.0
0.0
999.0
995.0
1000.0
1000.0
1000.0
1000.0
1000.0
999.0
1000.0
965.0
998.0
1000.0
999.0
859.0
1000.0
998.0
871.0
867.0
835.0
1000.0
869.0
856.0
1000.0
1000.0
1000.0
999.0
993.0
882.0
968.0
995.0
996.0
1000.0
999.0
24.0
1000.0
1000.0
873.0
857.0
879.0
1000.0
999.0
1000.0
1000.0
941.0
1000.0
863.0
1000.0
998.0
996.0
957.0
846.0
999.0
874.0
1000.0
0.0
858.0
998.0
993.0
1000.0
1000.0
996.0
878.0
10.0
854.0
1000.0
1000.0
998.0
1000.0
998.0
1000.0
999.0
999.0
1000.0
1000.0
1000.0
932.0
993.0
999.0
872.0
1000.0
1000.0
1000.0
1000.0
1000.0
1000.0
1000.0
866.0
1000.0
1000.0
1000.0
1000.0
1000.0
1000.0
0.0
992.0
1000.0
1000.0
1000.0
997.0
1000.0
996.0
1000.0
999.0
1000.0
1000.0
997.0
1000.0
994.0
1000.0
1000.0
997.0
1000.0
1000.0
996.0
1000.0
1000.0
145.0
998.0
506.0
970.0
1000.0
858.0
872.0
1000.0
996.0
1000.0
991.0
866.0
864.0
864.0
856.0
1000.0
1000.0
865.0
1000.0
995.0
997.0
876.0
876.0
1000.0
999.0
1000.0
1000.0
863.0
1000.0
1000.0
994.0
1000.0
1000.0
1000.0
1000.0
430.0
998.0
206.0
853.0
998.0
1000.0
1000.0
873.0
1000.0
1000.0
991.0
999.0
1000.0
857.0
1000.0
1000.0
977.0
1000.0
1000.0
856.0
623.0
866.0
1000.0
1000.0
1000.0
996.0
1000.0
1000.0
884.0
996.0
1000.0
1000.0
1000.0
604.0
880.0
1000.0
0.0
869.0
989.0
1000.0
1000.0
1000.0
999.0
1000.0
998.0
996.0
1000.0
995.0
1000.0
1000.0
993.0
998.0
990.0
998.0
997.0
999.0
870.0
1000.0
981.0
998.0
1000.0
1000.0
1000.0
997.0
1000.0
1000.0
871.0
845.0
1000.0
1000.0
840.0
1000.0
1000.0
872.0
1000.0
985.0
839.0
1000.0
6.0
1000.0
1000.0
998.0
998.0
1000.0
91.0
858.0
1000.0
998.0
1000.0
857.0
1000.0
0.0
851.0
0.0
1000.0
85.0
1000.0
20.0
882.0
998.0
1000.0
1000.0
979.0
998.0
1000.0
848.0
1000.0
1000.0
1000.0
866.0
1000.0
1000.0
1000.0
996.0
1000.0
85.0
989.0
994.0
867.0
1000.0
993.0
1000.0
87.0
998.0
836.0
872.0
996.0
1000.0
998.0
0.0
1000.0
1000.0
245.0
1000.0
1000.0
995.0
1000.0
998.0
999.0
867.0
1000.0
993.0
997.0
873.0
855.0
1000.0
1000.0
569.0
1000.0
1000.0
991.0
999.0
863.0
855.0
999.0
995.0
1000.0
1000.0
999.0
997.0
986.0
998.0
943.0
1000.0
996.0
1000.0
1000.0
1000.0
1000.0
998.0
1000.0
998.0
843.0
918.0
998.0
999.0
0.0
873.0
865.0
1000.0
1000.0
1000.0
1000.0
983.0
882.0
999.0
999.0
998.0
999.0
0.0
1000.0
992.0
998.0
1000.0
998.0
1000.0
875.0
999.0
862.0
967.0
1000.0
998.0
996.0
1000.0
848.0
1000.0
989.0
999.0
1000.0
871.0
1000.0
856.0
1000.0
981.0
1000.0
959.0
1000.0
1000.0
1000.0
0.0
0.0
1000.0
997.0
1000.0
1000.0
1000.0
864.0
988.0
1000.0
998.0
994.0
1000.0
840.0
860.0
999.0
999.0
1000.0
1000.0
987.0
0.0
829.0
1000.0
988.0
1000.0
986.0
1000.0
996.0
997.0
999.0
854.0
995.0
989.0
1000.0
993.0
845.0
858.0
10.0
1000.0
1000.0
1000.0
999.0
1000.0
943.0
1000.0
1000.0
992.0
1000.0
998.0
1000.0
994.0
1000.0
85.0
996.0
1000.0
849.0
1000.0
1000.0
882.0
1000.0
1000.0
1000.0
993.0
1000.0
1000.0
1000.0
1000.0
996.0
998.0
1000.0
996.0
998.0
1000.0
997.0
865.0
858.0
1000.0
1000.0
1000.0
868.0
0.0
1000.0
992.0
24.0
1000.0
1000.0
997.0
1000.0
1000.0
1000.0
882.0
868.0
1000.0
1000.0
999.0
858.0
1000.0
1000.0
1000.0
997.0
875.0
992.0
1000.0
1000.0
837.0
992.0
999.0
1000.0
964.0
989.0
1000.0
1000.0
1000.0
822.0
810.0
857.0
996.0
1000.0
935.0
1000.0
875.0
1000.0
1000.0
997.0
1000.0
1000.0
871.0
993.0
1000.0
1000.0
1000.0
1000.0
997.0
834.0
1000.0
993.0
1000.0
1000.0
995.0
999.0
1000.0
869.0
998.0
429.0
988.0
1000.0
1000.0
996.0
1000.0
1000.0
1000.0
875.0
999.0
854.0
994.0
998.0
1000.0
988.0
1000.0
1000.0
1000.0
825.0
1000.0
970.0
995.0
1000.0
987.0
999.0
1000.0
997.0
1000.0
1000.0
997.0
1000.0
1000.0
999.0
1000.0
1000.0
1000.0
1000.0
270.0
998.0
17.0
991.0
1000.0
1000.0
1000.0
997.0
1000.0
1000.0
1000.0
1000.0
1000.0
989.0
1000.0
1000.0
1000.0
858.0
892.0
1000.0
1000.0
1000.0
1000.0
861.0
864.0
999.0
998.0
1000.0
1000.0
866.0
1000.0
953.0
1000.0
997.0
999.0
868.0
1000.0
1000.0
1000.0
999.0
996.0
1000.0
998.0
966.0
1000.0
1000.0
980.0
1000.0
865.0
862.0
848.0
885.0
957.0
994.0
998.0
873.0
990.0
1000.0
990.0
879.0
1000.0
1000.0
995.0
1000.0
1000.0
998.0
968.0
850.0
854.0
1000.0
1000.0
1000.0
999.0
995.0
1000.0
876.0
876.0
1000.0
857.0
847.0
104.0
1000.0
996.0
1000.0
1000.0
1000.0
863.0
1000.0
1000.0
883.0
852.0
994.0
1000.0
994.0
999.0
999.0
1000.0
1000.0
975.0
1000.0
1000.0
962.0
1000.0
1000.0
865.0
1000.0
1000.0
1000.0
1000.0
1000.0
881.0
989.0
1000.0
1000.0
997.0
74.0
874.0
1000.0
1000.0
1000.0
871.0
998.0
1000.0
1000.0
1000.0
1000.0
1000.0
999.0
1000.0
995.0
970.0
999.0
1000.0
1000.0
0.0
990.0
1000.0
988.0
991.0
1000.0
1000.0
997.0
1000.0
1000.0
0.0
995.0
1000.0
998.0
994.0
1000.0
1000.0
1000.0
693.0
860.0
984.0
997.0
1000.0
986.0
881.0
0.0
1000.0
998.0
1000.0
0.0
1000.0
1000.0
990.0
998.0
989.0
997.0
999.0
1000.0
1000.0
771.0
1000.0
1000.0
947.0
999.0
996.0
1000.0
999.0
1000.0
882.0
999.0
855.0
1000.0
998.0
0.0
1000.0
998.0
1000.0
990.0
1000.0
997.0
858.0
1000.0
1000.0
1000.0
1000.0
1000.0
1000.0
1000.0
844.0
1000.0
845.0
1000.0
1000.0
7.0
971.0
1000.0
999.0
1000.0
1000.0
971.0
869.0
1000.0
999.0
962.0
936.0
997.0
1000.0
990.0
864.0
994.0
863.0
997.0
823.0
992.0
876.0
1000.0
1000.0
998.0
1000.0
1000.0
1000.0
871.0
998.0
1000.0
991.0
0.0
1000.0
1000.0
1000.0
993.0
997.0
4.0
1000.0
863.0
864.0
833.0
1000.0
995.0
1000.0
1000.0
1000.0
866.0
1000.0
997.0
1000.0
998.0
996.0
997.0
1000.0
863.0
996.0
867.0
0.0
1000.0
999.0
1000.0
991.0
572.0
877.0
1000.0
995.0
1000.0
998.0
1000.0
1000.0
1000.0
1000.0
882.0
1000.0
1000.0
997.0
1000.0
999.0
1000.0
998.0
859.0
998.0
1000.0
1000.0
1000.0
845.0
0.0
1000.0
1000.0
996.0
1000.0
1000.0
888.0
867.0
887.0
0.0
1000.0
1000.0
1000.0
1000.0
996.0
1000.0
1000.0
972.0
1000.0
996.0
1000.0
1000.0
999.0
1000.0
1000.0
954.0
1000.0
833.0
0.0
1000.0
1000.0
1000.0
1000.0
1000.0
992.0
999.0
1000.0
1000.0
847.0
965.0
1000.0
848.0
1000.0
1000.0
836.0
996.0
842.0
9.0
1000.0
997.0
991.0
965.0
989.0
1000.0
1000.0
1000.0
994.0
1000.0
636.0
876.0
998.0
1000.0
868.0
1000.0
855.0
999.0
1000.0
1000.0
985.0
1000.0
996.0
1000.0
868.0
999.0
1000.0
1000.0
1000.0
997.0
1000.0
1000.0
842.0
1000.0
789.0
1000.0
998.0
854.0
888.0
1000.0
1000.0
1000.0
995.0
1000.0
997.0
856.0
869.0
1000.0
1000.0
1000.0
1000.0
858.0
974.0
52.0
1000.0
1000.0
997.0
1000.0
856.0
875.0
985.0
875.0
999.0
996.0
1000.0
1000.0
977.0
1000.0
1000.0
1000.0
854.0
1000.0
0.0
1000.0
1000.0
999.0
991.0
1000.0
1000.0
0.0
1000.0
998.0
1000.0
876.0
589.0
1000.0
74.0
993.0
1000.0
1000.0
996.0
1000.0
867.0
1000.0
19.0
1000.0
1000.0
988.0
1000.0
1000.0
1000.0
965.0
998.0
997.0
1000.0
999.0
965.0
998.0
1000.0
1000.0
961.0
859.0
1000.0
1000.0
1000.0
995.0
1000.0
996.0
998.0
1000.0
1000.0
1000.0
969.0
988.0
1000.0
1000.0
797.0
303.0
999.0
1000.0
1000.0
1000.0
1000.0
863.0
998.0
1000.0
857.0
1000.0
1000.0
1000.0
1000.0
851.0
14.0
998.0
999.0
999.0
863.0
1000.0
993.0
801.0
1000.0
1000.0
848.0
858.0
880.0
836.0
996.0
1000.0
1000.0
1000.0
992.0
1000.0
879.0
1000.0
998.0
1000.0
1000.0
1000.0
998.0
972.0
1000.0
928.0
1000.0
477.0
1000.0
867.0
66.0
994.0
839.0
1000.0
1000.0
809.0
1000.0
999.0
866.0
900.0
869.0
1000.0
998.0
962.0
1000.0
873.0
1000.0
87.0
1000.0
869.0
1000.0
996.0
993.0
1000.0
866.0
998.0
998.0
998.0
24.0
855.0
1000.0
1000.0
877.0
997.0
993.0
853.0
1000.0
999.0
892.0
999.0
840.0
869.0
1000.0
871.0
1000.0
865.0
996.0
999.0
1000.0
1000.0
1000.0
872.0
995.0
936.0
1000.0
869.0
819.0
858.0
889.0
1000.0
1000.0
1000.0
520.0
998.0
867.0
1000.0
7.0
1000.0
1000.0
1000.0
1000.0
998.0
1000.0
1000.0
1000.0
1000.0
1000.0
994.0
1000.0
1000.0
1000.0
1000.0
658.0
27.0
864.0
1000.0
0.0
0.0
0.0
1.0
0.0
33.0
0.0
0.0
0.0
0.0
0.0
37.0
0.0
0.0
2.0
0.0
0.0
4.0
0.0
0.0
0.0
1.0
0.0
997.0
0.0
1.0
0.0
0.0
2.0
0.0
0.0
48.0
1.0
41.0
1.0
0.0
3.0
0.0
1.0
0.0
0.0
0.0
0.0
0.0
0.0
12.0
0.0
46.0
0.0
0.0
0.0
0.0
1000.0
2.0
0.0
3.0
0.0
0.0
90.0
0.0
0.0
0.0
0.0
5.0
0.0
0.0
1.0
0.0
42.0
73.0
1.0
1.0
11.0
56.0
0.0
0.0
3.0
117.0
0.0
3.0
0.0
18.0
193.0
23.0
0.0
17.0
0.0
1.0
0.0
0.0
49.0
0.0
0.0
0.0
0.0
0.0
4.0
3.0
240.0
0.0
2.0
0.0
1.0
3.0
0.0
0.0
0.0
56.0
0.0
0.0
0.0
0.0
5.0
0.0
0.0
1.0
1.0
0.0
15.0
0.0
2.0
0.0
2.0
0.0
1.0
0.0
0.0
0.0
0.0
0.0
70.0
0.0
44.0
1.0
56.0
0.0
0.0
0.0
0.0
1.0
0.0
0.0
3.0
0.0
0.0
0.0
0.0
124.0
0.0
2.0
1.0
5.0
0.0
24.0
46.0
54.0
3.0
0.0
51.0
3.0
0.0
0.0
0.0
0.0
0.0
102.0
0.0
0.0
0.0
0.0
1.0
0.0
0.0
0.0
48.0
2.0
0.0
0.0
0.0
3.0
0.0
0.0
0.0
0.0
2.0
0.0
985.0
3.0
4.0
0.0
0.0
0.0
0.0
48.0
1.0
0.0
0.0
0.0
0.0
0.0
89.0
0.0
0.0
1.0
48.0
0.0
0.0
0.0
0.0
0.0
0.0
0.0
0.0
1.0
4.0
0.0
0.0
0.0
3.0
3.0
0.0
0.0
28.0
1.0
0.0
0.0
0.0
0.0
0.0
0.0
1.0
0.0
0.0
46.0
0.0
0.0
0.0
4.0
2.0
7.0
10.0
0.0
0.0
46.0
0.0
0.0
0.0
2.0
71.0
0.0
4.0
0.0
13.0
0.0
0.0
1.0
0.0
7.0
1.0
0.0
0.0
0.0
0.0
2.0
2.0
0.0
0.0
0.0
2.0
0.0
0.0
1000.0
49.0
0.0
45.0
0.0
1.0
3.0
49.0
43.0
0.0
200.0
0.0
0.0
0.0
3.0
0.0
1.0
1.0
2.0
0.0
5.0
2.0
0.0
1.0
0.0
0.0
0.0
54.0
0.0
4.0
0.0
1.0
0.0
0.0
3.0
3.0
0.0
5.0
0.0
43.0
1.0
0.0
46.0
12.0
0.0
0.0
723.0
0.0
0.0
0.0
1.0
0.0
0.0
0.0
0.0
0.0
0.0
12.0
0.0
0.0
75.0
0.0
2.0
0.0
2.0
0.0
1.0
2.0
0.0
0.0
0.0
42.0
0.0
9.0
0.0
0.0
1000.0
49.0
3.0
1.0
1.0
0.0
3.0
1.0
0.0
3.0
0.0
0.0
0.0
0.0
0.0
0.0
0.0
0.0
0.0
0.0
0.0
1.0
0.0
2.0
5.0
0.0
0.0
0.0
2.0
0.0
0.0
0.0
54.0
2.0
3.0
0.0
0.0
0.0
0.0
0.0
0.0
1.0
3.0
1.0
0.0
0.0
0.0
0.0
0.0
4.0
1.0
0.0
0.0
0.0
2.0
0.0
0.0
160.0
0.0
8.0
29.0
2.0
54.0
0.0
0.0
3.0
0.0
0.0
0.0
0.0
0.0
3.0
0.0
1.0
63.0
0.0
0.0
0.0
0.0
1.0
0.0
71.0
106.0
0.0
0.0
0.0
41.0
0.0
3.0
3.0
2.0
1.0
3.0
0.0
0.0
0.0
0.0
0.0
0.0
0.0
0.0
0.0
0.0
0.0
7.0
1.0
39.0
2.0
0.0
0.0
0.0
1.0
0.0
33.0
0.0
55.0
42.0
0.0
0.0
592.0
0.0
0.0
0.0
1.0
0.0
0.0
0.0
0.0
0.0
51.0
0.0
2.0
2.0
14.0
54.0
0.0
0.0
2.0
16.0
1.0
0.0
956.0
0.0
0.0
48.0
0.0
8.0
53.0
0.0
0.0
2.0
0.0
134.0
0.0
0.0
0.0
1.0
1.0
0.0
0.0
0.0
4.0
0.0
0.0
0.0
0.0
1.0
0.0
2.0
0.0
0.0
54.0
50.0
50.0
0.0
0.0
46.0
0.0
44.0
0.0
0.0
0.0
0.0
0.0
43.0
0.0
0.0
66.0
0.0
3.0
54.0
36.0
49.0
6.0
47.0
0.0
58.0
0.0
0.0
1000.0
36.0
1.0
0.0
0.0
45.0
0.0
0.0
2.0
41.0
0.0
0.0
45.0
0.0
0.0
1.0
48.0
0.0
0.0
1.0
3.0
55.0
0.0
0.0
0.0
43.0
0.0
2.0
0.0
0.0
0.0
0.0
0.0
2.0
41.0
0.0
47.0
43.0
0.0
59.0
0.0
0.0
826.0
15.0
0.0
0.0
0.0
1.0
53.0
0.0
0.0
0.0
0.0
0.0
48.0
54.0
0.0
0.0
0.0
40.0
39.0
0.0
0.0
0.0
0.0
0.0
1.0
716.0
45.0
43.0
47.0
0.0
0.0
0.0
2.0
0.0
4.0
0.0
0.0
0.0
0.0
0.0
1.0
0.0
0.0
0.0
0.0
0.0
50.0
0.0
0.0
2.0
42.0
2.0
0.0
63.0
0.0
0.0
57.0
1.0
0.0
48.0
58.0
5.0
1.0
0.0
0.0
0.0
0.0
0.0
0.0
0.0
4.0
2.0
0.0
0.0
2.0
4.0
50.0
0.0
558.0
39.0
0.0
1000.0
49.0
1000.0
1.0
0.0
0.0
0.0
3.0
42.0
1000.0
0.0
0.0
0.0
5.0
0.0
0.0
4.0
2.0
43.0
0.0
0.0
0.0
238.0
0.0
53.0
61.0
2.0
2.0
0.0
0.0
2.0
54.0
0.0
0.0
1.0
47.0
0.0
0.0
0.0
0.0
1.0
0.0
0.0
2.0
7.0
11.0
45.0
0.0
0.0
0.0
0.0
0.0
0.0
0.0
18.0
2.0
0.0
0.0
0.0
0.0
0.0
0.0
0.0
0.0
1000.0
3.0
0.0
2.0
51.0
0.0
758.0
0.0
0.0
2.0
0.0
36.0
0.0
3.0
1.0
45.0
1.0
0.0
1.0
0.0
0.0
0.0
0.0
56.0
0.0
0.0
49.0
1.0
0.0
139.0
2.0
0.0
2.0
0.0
326.0
3.0
0.0
5.0
0.0
0.0
53.0
56.0
0.0
1.0
1.0
0.0
0.0
1.0
0.0
0.0
0.0
2.0
1.0
56.0
0.0
211.0
57.0
0.0
0.0
41.0
0.0
40.0
0.0
48.0
0.0
0.0
0.0
0.0
0.0
1000.0
0.0
0.0
0.0
58.0
0.0
1.0
2.0
43.0
1.0
62.0
1.0
0.0
2.0
4.0
0.0
45.0
0.0
0.0
0.0
44.0
1.0
0.0
0.0
6.0
2.0
0.0
0.0
0.0
0.0
0.0
0.0
0.0
0.0
0.0
0.0
0.0
0.0
0.0
45.0
0.0
0.0
0.0
0.0
0.0
0.0
0.0
46.0
0.0
4.0
0.0
0.0
0.0
47.0
0.0
53.0
0.0
0.0
19.0
0.0
48.0
4.0
0.0
0.0
0.0
857.0
0.0
0.0
0.0
5.0
0.0
0.0
0.0
0.0
0.0
0.0
0.0
0.0
37.0
347.0
1.0
4.0
1.0
0.0
972.0
54.0
0.0
11.0
5.0
0.0
0.0
17.0
0.0
0.0
0.0
0.0
0.0
999.0
0.0
4.0
234.0
0.0
0.0
3.0
1.0
33.0
0.0
0.0
3.0
0.0
14.0
52.0
5.0
213.0
0.0
41.0
0.0
0.0
0.0
1.0
0.0
0.0
0.0
1.0
0.0
0.0
0.0
3.0
0.0
58.0
0.0
41.0
58.0
0.0
1.0
5.0
0.0
0.0
1.0
1.0
1.0
0.0
0.0
0.0
0.0
0.0
0.0
0.0
0.0
0.0
0.0
0.0
0.0
1.0
0.0
1.0
0.0
51.0
1.0
0.0
469.0
2.0
10.0
0.0
0.0
0.0
3.0
0.0
0.0
0.0
4.0
0.0
2.0
0.0
0.0
0.0
17.0
36.0
1.0
0.0
0.0
0.0
1.0
0.0
60.0
0.0
0.0
0.0
0.0
0.0
0.0
0.0
0.0
0.0
0.0
1.0
2.0
0.0
0.0
6.0
65.0
0.0
0.0
0.0
0.0
1.0
3.0
6.0
0.0
0.0
0.0
0.0
0.0
0.0
1000.0
0.0
1000.0
0.0
1.0
2.0
226.0
53.0
51.0
0.0
0.0
2.0
0.0
1.0
0.0
45.0
2.0
1000.0
1.0
0.0
1.0
0.0
0.0
0.0
208.0
1.0
250.0
4.0
0.0
0.0
0.0
0.0
42.0
0.0
0.0
0.0
0.0
0.0
0.0
0.0
0.0
0.0
699.0
0.0
0.0
0.0
0.0
1.0
0.0
0.0
0.0
1.0
0.0
0.0
0.0
64.0
44.0
2.0
1.0
0.0
2.0
0.0
262.0
0.0
0.0
0.0
50.0
3.0
2.0
0.0
0.0
43.0
0.0
1.0
0.0
0.0
0.0
0.0
0.0
0.0
1.0
0.0
0.0
0.0
0.0
0.0
0.0
39.0
1.0
1.0
0.0
0.0
2.0
0.0
0.0
65.0
0.0
0.0
8.0
0.0
0.0
0.0
0.0
0.0
48.0
0.0
0.0
37.0
0.0
4.0
0.0
0.0
52.0
2.0
43.0
87.0
0.0
40.0
3.0
3.0
0.0
47.0
0.0
0.0
0.0
1.0
0.0
0.0
0.0
0.0
59.0
997.0
0.0
0.0
0.0
1.0
41.0
44.0
36.0
0.0
2.0
0.0
0.0
36.0
0.0
0.0
0.0
3.0
50.0
6.0
0.0
51.0
0.0
49.0
0.0
0.0
0.0
1.0
0.0
0.0
2.0
3.0
45.0
0.0
0.0
0.0
0.0
575.0
0.0
1.0
2.0
5.0
0.0
5.0
0.0
14.0
5.0
1.0
0.0
0.0
0.0
58.0
0.0
0.0
0.0
751.0
0.0
1.0
52.0
0.0
0.0
0.0
96.0
245.0
1.0
0.0
0.0
0.0
0.0
0.0
0.0
0.0
0.0
1000.0
348.0
0.0
37.0
45.0
0.0
0.0
0.0
0.0
10.0
55.0
1000.0
0.0
0.0
50.0
0.0
0.0
0.0
0.0
0.0
30.0
0.0
62.0
0.0
0.0
0.0
43.0
0.0
5.0
0.0
0.0
0.0
0.0
55.0
0.0
1.0
0.0
980.0
3.0
0.0
0.0
1.0
0.0
58.0
0.0
47.0
0.0
0.0
0.0
1.0
0.0
0.0
0.0
0.0
2.0
0.0
44.0
0.0
1.0
1.0
0.0
1.0
0.0
0.0
0.0
0.0
52.0
19.0
7.0
0.0
0.0
0.0
0.0
0.0
0.0
0.0
0.0
45.0
2.0
0.0
0.0
0.0
0.0
1.0
0.0
41.0
0.0
0.0
0.0
0.0
0.0
0.0
0.0
0.0
47.0
0.0
1.0
0.0
52.0
330.0
0.0
0.0
0.0
0.0
0.0
2.0
0.0
54.0
0.0
0.0
0.0
819.0
0.0
0.0
4.0
0.0
1.0
12.0
0.0
0.0
0.0
0.0
3.0
0.0
0.0
0.0
3.0
0.0
44.0
1.0
0.0
0.0
46.0
43.0
0.0
0.0
0.0
0.0
0.0
0.0
4.0
0.0
40.0
0.0
56.0
0.0
0.0
0.0
0.0
0.0
0.0
6.0
0.0
0.0
2.0
4.0
0.0
0.0
0.0
3.0
0.0
0.0
0.0
0.0
3.0
0.0
0.0
0.0
1.0
1.0
0.0
0.0
0.0
0.0
0.0
3.0
0.0
0.0
3.0
48.0
0.0
1.0
0.0
0.0
48.0
0.0
923.0
0.0
0.0
3.0
0.0
0.0
0.0
1.0
0.0
1.0
47.0
0.0
1.0
2.0
5.0
42.0
0.0
0.0
1.0
0.0
0.0
6.0
53.0
2.0
54.0
0.0
39.0
0.0
3.0
0.0
0.0
0.0
62.0
0.0
1000.0
0.0
0.0
0.0
1.0
0.0
57.0
55.0
16.0
0.0
0.0
0.0
0.0
2.0
0.0
0.0
0.0
0.0
1.0
0.0
0.0
0.0
1000.0
4.0
1000.0
0.0
0.0
0.0
2.0
55.0
0.0
52.0
61.0
261.0
1000.0
51.0
0.0
0.0
0.0
43.0
0.0
352.0
0.0
0.0
0.0
0.0
0.0
4.0
412.0
1.0
49.0
0.0
0.0
0.0
0.0
0.0
39.0
0.0
0.0
0.0
0.0
0.0
0.0
54.0
0.0
0.0
0.0
2.0
1.0
860.0
4.0
46.0
2.0
3.0
0.0
1.0
45.0
72.0
1.0
0.0
0.0
0.0
0.0
51.0
0.0
29.0
51.0
2.0
644.0
58.0
0.0
51.0
54.0
60.0
0.0
2.0
0.0
52.0
66.0
47.0
1.0
43.0
0.0
0.0
0.0
3.0
46.0
0.0
22.0
0.0
0.0
0.0
0.0
1.0
2.0
0.0
45.0
3.0
0.0
0.0
70.0
1.0
0.0
0.0
0.0
52.0
0.0
0.0
47.0
1.0
51.0
2.0
0.0
0.0
0.0
0.0
0.0
14.0
41.0
0.0
1.0
0.0
10.0
0.0
37.0
0.0
5.0
0.0
0.0
0.0
0.0
0.0
50.0
0.0
0.0
0.0
0.0
0.0
0.0
0.0
54.0
0.0
0.0
49.0
1000.0
2.0
2.0
1.0
0.0
0.0
38.0
0.0
0.0
0.0
2.0
0.0
54.0
2.0
9.0
0.0
0.0
46.0
0.0
0.0
38.0
238.0
0.0
42.0
50.0
28.0
0.0
17.0
47.0
2.0
0.0
0.0
0.0
7.0
0.0
2.0
0.0
0.0
4.0
0.0
40.0
0.0
2.0
7.0
0.0
0.0
0.0
0.0
0.0
2.0
3.0
0.0
0.0
0.0
58.0
5.0
0.0
0.0
3.0
0.0
2.0
0.0
0.0
112.0
0.0
0.0
1.0
0.0
0.0
66.0
12.0
31.0
0.0
0.0
0.0
0.0
46.0
0.0
0.0
0.0
0.0
2.0
0.0
0.0
0.0
1.0
1.0
46.0
141.0
39.0
0.0
15.0
0.0
1000.0
2.0
0.0
0.0
0.0
0.0
0.0
0.0
0.0
0.0
44.0
0.0
10.0
0.0
28.0
0.0
13.0
0.0
2.0
0.0
0.0
191.0
0.0
0.0
2.0
0.0
1.0
3.0
4.0
0.0
2.0
0.0
0.0
0.0
0.0
0.0
0.0
0.0
0.0
53.0
0.0
0.0
59.0
60.0
1.0
2.0
0.0
0.0
46.0
0.0
0.0
0.0
1.0
1.0
31.0
0.0
0.0
0.0
5.0
40.0
0.0
0.0
1000.0
57.0
18.0
2.0
6.0
69.0
0.0
3.0
0.0
1.0
41.0
3.0
164.0
0.0
1.0
1.0
0.0
28.0
0.0
3.0
0.0
2.0
1.0
0.0
3.0
11.0
52.0
41.0
0.0
41.0
0.0
0.0
0.0
52.0
0.0
0.0
0.0
0.0
0.0
0.0
2.0
0.0
0.0
0.0
0.0
5.0
0.0
0.0
0.0
52.0
0.0
0.0
0.0
0.0
44.0
0.0
55.0
2.0
0.0
0.0
0.0
0.0
0.0
0.0
0.0
51.0
0.0
0.0
50.0
49.0
0.0
1000.0
0.0
0.0
55.0
0.0
3.0
0.0
0.0
0.0
57.0
0.0
51.0
0.0
1.0
1.0
0.0
0.0
0.0
0.0
1.0
0.0
43.0
0.0
0.0
1.0
0.0
3.0
0.0
0.0
15.0
0.0
1.0
0.0
0.0
14.0
12.0
0.0
2.0
3.0
0.0
0.0
68.0
2.0
37.0
53.0
42.0
0.0
45.0
0.0
0.0
0.0
1.0
0.0
0.0
46.0
0.0
8.0
1.0
0.0
2.0
1.0
0.0
0.0
0.0
1.0
0.0
0.0
0.0
46.0
0.0
8.0
49.0
0.0
2.0
10.0
4.0
0.0
1000.0
7.0
47.0
0.0
2.0
0.0
0.0
0.0
0.0
0.0
44.0
7.0
53.0
0.0
0.0
0.0
0.0
52.0
0.0
3.0
0.0
0.0
1.0
0.0
0.0
0.0
1.0
5.0
0.0
1000.0
0.0
0.0
0.0
55.0
0.0
0.0
0.0
0.0
0.0
0.0
52.0
130.0
54.0
75.0
0.0
0.0
0.0
0.0
0.0
0.0
3.0
0.0
0.0
0.0
0.0
0.0
2.0
0.0
0.0
8.0
4.0
16.0
1.0
0.0
0.0
6.0
7.0
2.0
5.0
3.0
48.0
1.0
0.0
0.0
1.0
0.0
3.0
64.0
2.0
0.0
1.0
0.0
0.0
0.0
0.0
0.0
1.0
0.0
2.0
0.0
0.0
0.0
0.0
3.0
0.0
0.0
51.0
128.0
0.0
59.0
2.0
37.0
39.0
1.0
3.0
79.0
0.0
4.0
0.0
0.0
0.0
0.0
0.0
0.0
0.0
2.0
0.0
2.0
9.0
1.0
110.0
0.0
0.0
0.0
0.0
0.0
0.0
2.0
0.0
44.0
1000.0
0.0
50.0
48.0
0.0
0.0
0.0
1.0
260.0
0.0
227.0
0.0
0.0
0.0
0.0
0.0
0.0
0.0
8.0
0.0
2.0
0.0
42.0
0.0
44.0
0.0
0.0
0.0
0.0
24.0
0.0
0.0
44.0
1.0
0.0
65.0
46.0
0.0
0.0
0.0
0.0
0.0
0.0
2.0
0.0
1.0
1.0
0.0
1.0
54.0
45.0
0.0
0.0
0.0
43.0
0.0
0.0
0.0
0.0
2.0
0.0
0.0
0.0
42.0
1.0
4.0
1.0
0.0
0.0
4.0
4.0
0.0
0.0
0.0
0.0
47.0
147.0
0.0
0.0
188.0
0.0
3.0
0.0
0.0
1.0
61.0
248.0
66.0
2.0
51.0
0.0
2.0
0.0
0.0
3.0
0.0
0.0
57.0
0.0
0.0
42.0
0.0
3.0
53.0
35.0
229.0
0.0
0.0
0.0
2.0
0.0
0.0
2.0
0.0
3.0
0.0
0.0
4.0
0.0
6.0
0.0
0.0
3.0
0.0
1.0
0.0
36.0
0.0
0.0
0.0
0.0
0.0
57.0
560.0
0.0
0.0
56.0
0.0
0.0
0.0
0.0
194.0
0.0
0.0
0.0
2.0
0.0
49.0
0.0
1000.0
2.0
0.0
0.0
0.0
0.0
49.0
0.0
0.0
0.0
0.0
0.0
0.0
0.0
0.0
3.0
0.0
0.0
2.0
23.0
3.0
1.0
0.0
0.0
0.0
2.0
0.0
0.0
0.0
0.0
0.0
0.0
58.0
0.0
62.0
0.0
0.0
1.0
3.0
51.0
4.0
58.0
0.0
3.0
0.0
3.0
0.0
3.0
0.0
0.0
0.0
0.0
47.0
0.0
0.0
0.0
1.0
70.0
182.0
5.0
5.0
3.0
0.0
0.0
0.0
0.0
0.0
0.0
55.0
5.0
157.0
0.0
0.0
3.0
0.0
0.0
1.0
15.0
16.0
3.0
0.0
0.0
0.0
64.0
55.0
0.0
99.0
0.0
0.0
0.0
0.0
2.0
3.0
1.0
0.0
57.0
0.0
3.0
40.0
0.0
259.0
4.0
0.0
0.0
0.0
0.0
84.0
5.0
0.0
55.0
0.0
1.0
46.0
1.0
57.0
1.0
0.0
0.0
39.0
7.0
0.0
54.0
1.0
0.0
0.0
0.0
45.0
49.0
0.0
34.0
4.0
0.0
0.0
0.0
0.0
45.0
0.0
1.0
0.0
0.0
0.0
0.0
1.0
0.0
0.0
1.0
2.0
34.0
71.0
0.0
2.0
1.0
0.0
0.0
0.0
48.0
0.0
0.0
0.0
0.0
0.0
1.0
50.0
40.0
0.0
1.0
1.0
0.0
0.0
1.0
0.0
0.0
0.0
0.0
354.0
0.0
49.0
45.0
0.0
0.0
52.0
0.0
0.0
6.0
0.0
0.0
2.0
0.0
5.0
5.0
54.0
3.0
0.0
0.0
0.0
0.0
46.0
0.0
0.0
0.0
2.0
2.0
0.0
3.0
0.0
65.0
0.0
16.0
0.0
12.0
0.0
95.0
44.0
0.0
0.0
1000.0
0.0
0.0
49.0
0.0
0.0
42.0
0.0
1.0
0.0
3.0
4.0
0.0
1000.0
0.0
0.0
0.0
2.0
4.0
10.0
4.0
49.0
63.0
57.0
49.0
2.0
0.0
0.0
0.0
15.0
0.0
0.0
34.0
0.0
244.0
42.0
1.0
0.0
2.0
1.0
78.0
0.0
1.0
4.0
0.0
0.0
49.0
0.0
0.0
0.0
11.0
1.0
56.0
0.0
0.0
8.0
0.0
0.0
3.0
2.0
0.0
5.0
40.0
0.0
0.0
3.0
0.0
0.0
0.0
0.0
0.0
0.0
4.0
0.0
0.0
58.0
0.0
0.0
0.0
0.0
2.0
0.0
0.0
43.0
0.0
0.0
0.0
2.0
2.0
2.0
0.0
0.0
0.0
0.0
0.0
13.0
5.0
42.0
52.0
0.0
0.0
1.0
0.0
48.0
0.0
0.0
0.0
2.0
0.0
0.0
0.0
2.0
0.0
0.0
3.0
1.0
53.0
0.0
0.0
1.0
0.0
1.0
0.0
41.0
0.0
1.0
49.0
1.0
0.0
0.0
0.0
0.0
0.0
0.0
61.0
4.0
0.0
0.0
0.0
0.0
1.0
50.0
0.0
196.0
0.0
42.0
0.0
0.0
0.0
0.0
2.0
0.0
51.0
0.0
0.0
0.0
0.0
0.0
12.0
0.0
0.0
0.0
51.0
49.0
0.0
163.0
33.0
54.0
0.0
0.0
3.0
0.0
59.0
0.0
17.0
48.0
0.0
0.0
0.0
0.0
147.0
3.0
0.0
82.0
0.0
0.0
1.0
1.0
2.0
2.0
0.0
2.0
0.0
0.0
51.0
46.0
1.0
2.0
226.0
0.0
1.0
43.0
0.0
2.0
43.0
0.0
0.0
0.0
5.0
50.0
47.0
44.0
0.0
0.0
3.0
45.0
0.0
41.0
2.0
0.0
0.0
53.0
61.0
8.0
2.0
2.0
0.0
779.0
46.0
54.0
3.0
4.0
46.0
0.0
8.0
0.0
0.0
60.0
0.0
57.0
0.0
0.0
0.0
1000.0
4.0
0.0
7.0
2.0
57.0
2.0
30.0
2.0
2.0
41.0
0.0
0.0
7.0
0.0
2.0
0.0
0.0
0.0
0.0
2.0
0.0
0.0
1.0
1.0
0.0
1.0
48.0
0.0
0.0
50.0
1.0
51.0
46.0
0.0
0.0
0.0
0.0
0.0
0.0
3.0
55.0
40.0
0.0
42.0
0.0
0.0
0.0
0.0
0.0
0.0
0.0
42.0
2.0
0.0
3.0
52.0
30.0
4.0
0.0
47.0
0.0
0.0
41.0
1.0
0.0
0.0
1.0
0.0
0.0
39.0
0.0
0.0
0.0
0.0
0.0
53.0
981.0
962.0
0.0
0.0
0.0
49.0
3.0
0.0
60.0
0.0
0.0
0.0
4.0
0.0
0.0
0.0
48.0
0.0
0.0
0.0
3.0
34.0
3.0
1000.0
59.0
0.0
0.0
0.0
0.0
0.0
0.0
1.0
0.0
37.0
3.0
0.0
0.0
2.0
0.0
0.0
1.0
34.0
0.0
1.0
1.0
0.0
52.0
0.0
2.0
46.0
0.0
0.0
1.0
0.0
0.0
0.0
45.0
0.0
0.0
3.0
60.0
2.0
0.0
0.0
0.0
3.0
0.0
3.0
0.0
0.0
0.0
7.0
0.0
0.0
4.0
0.0
0.0
0.0
0.0
48.0
4.0
0.0
1.0
70.0
9.0
0.0
0.0
51.0
0.0
2.0
0.0
0.0
0.0
61.0
1.0
1.0
0.0
4.0
36.0
0.0
3.0
2.0
0.0
3.0
0.0
575.0
4.0
3.0
0.0
0.0
0.0
0.0
0.0
0.0
0.0
50.0
579.0
0.0
0.0
591.0
41.0
0.0
0.0
4.0
40.0
0.0
15.0
0.0
39.0
0.0
6.0
44.0
0.0
53.0
8.0
46.0
0.0
0.0
2.0
0.0
40.0
45.0
3.0
0.0
47.0
0.0
48.0
2.0
0.0
15.0
0.0
0.0
2.0
0.0
4.0
55.0
0.0
0.0
0.0
0.0
1.0
0.0
2.0
0.0
0.0
0.0
0.0
0.0
0.0
2.0
0.0
0.0
0.0
48.0
0.0
0.0
0.0
1000.0
0.0
313.0
0.0
43.0
0.0
0.0
1.0
9.0
0.0
0.0
0.0
0.0
0.0
37.0
1.0
0.0
50.0
0.0
0.0
0.0
0.0
63.0
0.0
0.0
8.0
0.0
109.0
0.0
3.0
0.0
0.0
45.0
0.0
0.0
0.0
40.0
0.0
52.0
2.0
48.0
46.0
0.0
0.0
0.0
0.0
0.0
2.0
1000.0
0.0
10.0
20.0
0.0
0.0
0.0
2.0
9.0
1.0
1000.0
0.0
0.0
0.0
0.0
0.0
47.0
0.0
0.0
0.0
0.0
1.0
0.0
0.0
42.0
0.0
0.0
0.0
0.0
1.0
47.0
78.0
0.0
2.0
0.0
52.0
209.0
0.0
2.0
0.0
0.0
0.0
0.0
0.0
51.0
0.0
0.0
577.0
0.0
0.0
1.0
0.0
0.0
0.0
3.0
0.0
54.0
0.0
0.0
0.0
0.0
1.0
0.0
0.0
0.0
0.0
0.0
1.0
140.0
0.0
0.0
3.0
0.0
2.0
0.0
0.0
0.0
0.0
0.0
43.0
0.0
39.0
234.0
0.0
0.0
21.0
53.0
0.0
0.0
17.0
0.0
0.0
0.0
0.0
52.0
0.0
1.0
0.0
2.0
291.0
2.0
0.0
49.0
46.0
0.0
3.0
1.0
0.0
51.0
0.0
2.0
10.0
1.0
0.0
0.0
0.0
0.0
43.0
0.0
5.0
2.0
3.0
3.0
0.0
0.0
0.0
10.0
0.0
2.0
2.0
0.0
0.0
1.0
1.0
0.0
0.0
1.0
0.0
0.0
0.0
2.0
43.0
0.0
67.0
0.0
0.0
0.0
1.0
42.0
11.0
0.0
42.0
0.0
45.0
54.0
0.0
45.0
0.0
2.0
0.0
0.0
0.0
5.0
0.0
2.0
10.0
0.0
0.0
0.0
6.0
0.0
0.0
0.0
0.0
0.0
0.0
49.0
3.0
51.0
2.0
0.0
0.0
0.0
0.0
2.0
0.0
45.0
1.0
966.0
0.0
1.0
5.0
0.0
0.0
0.0
16.0
0.0
1.0
4.0
2.0
0.0
0.0
0.0
49.0
4.0
1.0
0.0
0.0
0.0
0.0
0.0
737.0
0.0
0.0
0.0
0.0
0.0
2.0
40.0
17.0
0.0
0.0
0.0
0.0
0.0
50.0
1.0
1.0
1.0
2.0
50.0
0.0
1.0
0.0
0.0
1.0
60.0
59.0
262.0
2.0
2.0
1.0
0.0
62.0
45.0
72.0
41.0
8.0
1.0
1.0
1.0
47.0
48.0
51.0
48.0
3.0
59.0
0.0
3.0
6.0
4.0
1.0
0.0
2.0
0.0
3.0
0.0
0.0
0.0
0.0
41.0
48.0
0.0
0.0
0.0
0.0
0.0
0.0
0.0
0.0
51.0
42.0
4.0
1.0
1000.0
0.0
0.0
51.0
7.0
0.0
0.0
0.0
40.0
0.0
1.0
3.0
61.0
0.0
2.0
0.0
984.0
0.0
0.0
0.0
3.0
0.0
42.0
1.0
5.0
3.0
2.0
47.0
40.0
1.0
0.0
0.0
1000.0
0.0
0.0
0.0
0.0
2.0
52.0
1.0
0.0
0.0
0.0
0.0
2.0
56.0
0.0
4.0
0.0
0.0
0.0
47.0
6.0
42.0
0.0
3.0
1.0
0.0
42.0
3.0
0.0
70.0
0.0
0.0
0.0
0.0
0.0
0.0
0.0
0.0
0.0
1.0
2.0
174.0
0.0
0.0
0.0
2.0
0.0
0.0
4.0
0.0
1.0
0.0
0.0
0.0
0.0
1.0
3.0
0.0
10.0
0.0
0.0
64.0
0.0
0.0
1000.0
448.0
0.0
0.0
0.0
0.0
36.0
53.0
0.0
0.0
0.0
1.0
7.0
44.0
0.0
0.0
0.0
5.0
49.0
0.0
57.0
0.0
0.0
0.0
47.0
0.0
0.0
0.0
871.0
52.0
0.0
0.0
0.0
1.0
0.0
56.0
0.0
1.0
0.0
0.0
0.0
0.0
45.0
0.0
56.0
0.0
0.0
4.0
0.0
62.0
0.0
1.0
5.0
4.0
0.0
0.0
1.0
0.0
5.0
0.0
0.0
0.0
0.0
1000.0
48.0
0.0
0.0
0.0
2.0
2.0
0.0
0.0
0.0
2.0
0.0
55.0
2.0
0.0
0.0
4.0
45.0
0.0
0.0
44.0
1.0
0.0
0.0
2.0
0.0
3.0
0.0
125.0
0.0
0.0
1.0
2.0
0.0
1.0
0.0
2.0
1.0
0.0
3.0
0.0
0.0
0.0
50.0
0.0
0.0
2.0
0.0
45.0
0.0
0.0
0.0
0.0
0.0
48.0
0.0
1.0
461.0
0.0
0.0
0.0
0.0
49.0
1.0
0.0
0.0
0.0
0.0
1.0
0.0
2.0
0.0
0.0
34.0
0.0
68.0
0.0
63.0
4.0
2.0
0.0
2.0
46.0
54.0
0.0
0.0
4.0
0.0
0.0
0.0
41.0
0.0
0.0
58.0
51.0
0.0
0.0
5.0
968.0
48.0
15.0
0.0
0.0
0.0
2.0
2.0
2.0
0.0
1.0
8.0
48.0
0.0
0.0
0.0
0.0
1.0
0.0
1.0
3.0
72.0
5.0
49.0
0.0
8.0
5.0
46.0
1.0
0.0
0.0
0.0
0.0
0.0
0.0
2.0
1.0
5.0
0.0
47.0
47.0
44.0
8.0
133.0
0.0
0.0
0.0
153.0
0.0
860.0
1.0
1.0
52.0
0.0
0.0
55.0
43.0
1.0
0.0
16.0
0.0
0.0
47.0
49.0
0.0
51.0
4.0
0.0
50.0
0.0
0.0
0.0
0.0
0.0
1.0
0.0
48.0
0.0
1.0
2.0
0.0
0.0
1.0
1000.0
1.0
47.0
0.0
0.0
0.0
40.0
0.0
0.0
59.0
0.0
0.0
0.0
1.0
0.0
0.0
2.0
54.0
1.0
2.0
1000.0
86.0
0.0
0.0
40.0
1.0
0.0
3.0
4.0
0.0
62.0
0.0
41.0
3.0
0.0
0.0
57.0
43.0
3.0
0.0
0.0
10.0
1.0
0.0
2.0
0.0
258.0
0.0
48.0
0.0
0.0
0.0
0.0
0.0
2.0
7.0
2.0
0.0
0.0
46.0
5.0
0.0
49.0
0.0
0.0
2.0
0.0
0.0
1.0
1.0
0.0
35.0
3.0
0.0
0.0
0.0
0.0
58.0
3.0
0.0
0.0
53.0
0.0
13.0
0.0
0.0
2.0
117.0
0.0
46.0
6.0
0.0
73.0
48.0
4.0
0.0
230.0
45.0
1.0
0.0
0.0
0.0
0.0
2.0
0.0
227.0
27.0
45.0
0.0
0.0
2.0
43.0
0.0
3.0
977.0
1.0
5.0
0.0
0.0
0.0
0.0
0.0
1.0
0.0
8.0
1.0
0.0
1.0
54.0
0.0
2.0
42.0
51.0
54.0
0.0
53.0
53.0
0.0
0.0
0.0
1.0
4.0
38.0
12.0
3.0
4.0
0.0
1.0
5.0
0.0
0.0
45.0
62.0
40.0
0.0
1.0
0.0
0.0
2.0
0.0
50.0
0.0
0.0
4.0
22.0
55.0
1.0
56.0
0.0
1000.0
46.0
2.0
5.0
0.0
0.0
3.0
43.0
160.0
50.0
0.0
0.0
2.0
0.0
1.0
0.0
1.0
0.0
0.0
0.0
0.0
6.0
1.0
1.0
47.0
0.0
0.0
0.0
0.0
0.0
0.0
0.0
45.0
0.0
0.0
0.0
0.0
0.0
0.0
0.0
2.0
0.0
0.0
0.0
3.0
0.0
4.0
0.0
1.0
0.0
0.0
2.0
0.0
4.0
0.0
0.0
2.0
0.0
0.0
2.0
0.0
0.0
855.0
1.0
29.0
30.0
0.0
49.0
32.0
0.0
4.0
0.0
2.0
43.0
47.0
46.0
54.0
0.0
0.0
44.0
0.0
4.0
1.0
45.0
40.0
0.0
1.0
0.0
0.0
42.0
0.0
0.0
3.0
0.0
0.0
0.0
0.0
570.0
1.0
155.0
49.0
1.0
0.0
0.0
48.0
0.0
0.0
4.0
1.0
0.0
56.0
0.0
0.0
11.0
0.0
0.0
51.0
107.0
52.0
0.0
0.0
0.0
1.0
0.0
0.0
37.0
4.0
0.0
0.0
0.0
64.0
36.0
0.0
1000.0
49.0
3.0
0.0
0.0
0.0
0.0
0.0
1.0
1.0
0.0
5.0
0.0
0.0
4.0
2.0
0.0
1.0
1.0
1.0
41.0
0.0
19.0
2.0
0.0
0.0
0.0
3.0
0.0
0.0
48.0
50.0
0.0
0.0
62.0
0.0
0.0
40.0
0.0
12.0
52.0
0.0
963.0
0.0
0.0
2.0
1.0
0.0
871.0
49.0
0.0
2.0
0.0
52.0
0.0
0.0
59.0
0.0
0.0
275.0
0.0
190.0
38.0
1.0
0.0
0.0
9.0
1.0
0.0
52.0
0.0
0.0
0.0
50.0
0.0
0.0
0.0
3.0
0.0
256.0
5.0
2.0
55.0
0.0
4.0
0.0
221.0
0.0
61.0
45.0
1.0
0.0
2.0
1000.0
0.0
0.0
755.0
0.0
0.0
3.0
0.0
1.0
0.0
45.0
0.0
5.0
1.0
37.0
48.0
0.0
0.0
158.0
0.0
0.0
2.0
0.0
56.0
49.0
1.0
4.0
0.0
0.0
1.0
3.0
13.0
1.0
57.0
0.0
1.0
0.0
0.0
0.0
0.0
0.0
0.0
2.0
61.0
39.0
0.0
1.0
1000.0
51.0
46.0
0.0
0.0
0.0
0.0
14.0
42.0
0.0
1.0
1.0
1.0
0.0
0.0
6.0
0.0
0.0
2.0
0.0
42.0
0.0
42.0
13.0
0.0
2.0
2.0
0.0
59.0
0.0
5.0
0.0
0.0
48.0
0.0
54.0
0.0
10.0
0.0
9.0
0.0
0.0
0.0
0.0
0.0
0.0
3.0
0.0
0.0
0.0
53.0
2.0
0.0
2.0
4.0
0.0
77.0
56.0
0.0
1.0
0.0
0.0
4.0
1000.0
58.0
0.0
7.0
0.0
7.0
0.0
3.0
2.0
1.0
51.0
3.0
5.0
0.0
2.0
68.0
48.0
42.0
0.0
0.0
0.0
1.0
0.0
20.0
0.0
0.0
2.0
0.0
0.0
0.0
0.0
0.0
121.0
3.0
0.0
51.0
0.0
0.0
37.0
0.0
0.0
0.0
3.0
0.0
0.0
0.0
0.0
4.0
1.0
0.0
4.0
1.0
0.0
1.0
50.0
48.0
0.0
0.0
0.0
60.0
1000.0
0.0
7.0
976.0
0.0
0.0
2.0
0.0
0.0
0.0
36.0
55.0
0.0
0.0
1.0
45.0
0.0
0.0
0.0
2.0
49.0
3.0
0.0
0.0
59.0
3.0
1.0
0.0
16.0
5.0
0.0
0.0
0.0
66.0
92.0
48.0
3.0
0.0
4.0
0.0
46.0
0.0
0.0
2.0
0.0
0.0
59.0
3.0
0.0
0.0
0.0
0.0
2.0
60.0
0.0
1.0
0.0
0.0
4.0
0.0
0.0
48.0
2.0
3.0
8.0
0.0
0.0
1.0
0.0
0.0
0.0
46.0
1.0
57.0
4.0
2.0
0.0
5.0
0.0
0.0
0.0
61.0
0.0
23.0
4.0
0.0
3.0
1.0
0.0
1.0
0.0
0.0
3.0
0.0
0.0
1.0
0.0
0.0
0.0
0.0
0.0
0.0
261.0
3.0
0.0
0.0
0.0
1.0
0.0
0.0
0.0
0.0
0.0
3.0
0.0
0.0
0.0
59.0
39.0
0.0
0.0
0.0
0.0
57.0
48.0
1.0
1.0
0.0
0.0
55.0
0.0
14.0
0.0
2.0
1.0
53.0
0.0
0.0
0.0
1.0
2.0
0.0
1.0
15.0
0.0
0.0
19.0
0.0
43.0
57.0
67.0
37.0
19.0
2.0
0.0
45.0
7.0
0.0
0.0
49.0
0.0
0.0
3.0
0.0
0.0
2.0
11.0
59.0
46.0
0.0
0.0
0.0
1.0
1.0
0.0
41.0
38.0
0.0
47.0
63.0
245.0
0.0
3.0
0.0
0.0
0.0
52.0
0.0
0.0
40.0
48.0
1.0
0.0
4.0
1.0
1.0
0.0
0.0
6.0
0.0
0.0
8.0
0.0
0.0
54.0
0.0
0.0
0.0
0.0
0.0
58.0
3.0
0.0
0.0
3.0
237.0
54.0
0.0
0.0
0.0
49.0
2.0
0.0
0.0
0.0
0.0
0.0
0.0
0.0
5.0
9.0
1.0
0.0
0.0
0.0
4.0
0.0
4.0
4.0
0.0
0.0
3.0
0.0
0.0
1000.0
0.0
0.0
2.0
6.0
0.0
0.0
0.0
37.0
55.0
0.0
2.0
0.0
10.0
46.0
0.0
0.0
1.0
0.0
0.0
0.0
0.0
3.0
1.0
2.0
2.0
0.0
0.0
0.0
49.0
0.0
0.0
19.0
1.0
3.0
0.0
0.0
0.0
51.0
1.0
55.0
0.0
2.0
164.0
0.0
2.0
0.0
5.0
0.0
2.0
48.0
0.0
0.0
0.0
0.0
0.0
0.0
0.0
54.0
0.0
44.0
0.0
0.0
0.0
8.0
0.0
1.0
0.0
0.0
12.0
48.0
0.0
1.0
15.0
1.0
1.0
0.0
3.0
51.0
3.0
52.0
3.0
64.0
4.0
54.0
0.0
0.0
0.0
0.0
0.0
0.0
38.0
2.0
0.0
4.0
1000.0
0.0
0.0
0.0
1.0
3.0
0.0
0.0
43.0
41.0
52.0
0.0
2.0
0.0
0.0
0.0
55.0
0.0
3.0
0.0
2.0
0.0
3.0
0.0
51.0
4.0
51.0
1000.0
0.0
1.0
0.0
3.0
221.0
50.0
0.0
4.0
0.0
1.0
0.0
0.0
0.0
0.0
47.0
0.0
0.0
1.0
0.0
1.0
0.0
2.0
49.0
1.0
0.0
0.0
0.0
48.0
1000.0
0.0
0.0
3.0
0.0
0.0
38.0
50.0
30.0
0.0
0.0
0.0
0.0
0.0
3.0
0.0
0.0
11.0
0.0
3.0
0.0
0.0
1.0
0.0
0.0
20.0
0.0
65.0
1000.0
0.0
0.0
0.0
0.0
0.0
2.0
1.0
0.0
0.0
58.0
6.0
0.0
47.0
0.0
0.0
60.0
2.0
64.0
0.0
0.0
2.0
4.0
12.0
2.0
0.0
0.0
0.0
5.0
0.0
133.0
47.0
1.0
0.0
39.0
0.0
50.0
1.0
0.0
0.0
3.0
0.0
2.0
0.0
42.0
1.0
0.0
0.0
0.0
3.0
0.0
0.0
62.0
0.0
0.0
0.0
2.0
51.0
36.0
0.0
0.0
0.0
4.0
0.0
1.0
53.0
52.0
0.0
0.0
0.0
0.0
49.0
14.0
214.0
0.0
0.0
3.0
0.0
55.0
54.0
10.0
45.0
0.0
4.0
0.0
0.0
15.0
0.0
0.0
0.0
58.0
0.0
0.0
0.0
0.0
0.0
3.0
0.0
0.0
1000.0
0.0
2.0
0.0
34.0
84.0
0.0
926.0
3.0
0.0
0.0
0.0
0.0
2.0
0.0
0.0
0.0
0.0
5.0
0.0
0.0
0.0
17.0
2.0
1.0
0.0
1.0
20.0
1.0
0.0
0.0
18.0
51.0
0.0
0.0
0.0
0.0
0.0
1.0
1.0
0.0
0.0
0.0
15.0
0.0
0.0
0.0
87.0
134.0
0.0
0.0
0.0
0.0
0.0
56.0
1.0
0.0
59.0
0.0
0.0
0.0
0.0
61.0
29.0
2.0
1.0
0.0
40.0
0.0
0.0
198.0
0.0
0.0
71.0
56.0
47.0
63.0
4.0
0.0
0.0
0.0
4.0
0.0
55.0
0.0
2.0
0.0
0.0
0.0
2.0
16.0
0.0
5.0
0.0
2.0
0.0
48.0
214.0
0.0
64.0
0.0
0.0
61.0
0.0
0.0
46.0
0.0
36.0
0.0
1.0
21.0
0.0
45.0
0.0
237.0
0.0
49.0
0.0
1.0
3.0
0.0
55.0
1.0
2.0
2.0
2.0
56.0
0.0
0.0
44.0
2.0
3.0
56.0
0.0
1.0
40.0
1.0
72.0
38.0
0.0
54.0
0.0
44.0
4.0
0.0
0.0
0.0
0.0
47.0
4.0
48.0
0.0
50.0
117.0
48.0
49.0
0.0
0.0
0.0
480.0
1.0
56.0
0.0
159.0
0.0
0.0
0.0
0.0
1.0
0.0
0.0
0.0
0.0
0.0
0.0
0.0
0.0
0.0
0.0
11.0
0.0
50.0
0.0
0.0
0.0
0.0
0.0
0.0
0.0
0.0
0.0
0.0
0.0
0.0
47.0
0.0
0.0
30.0
0.0
0.0
0.0
0.0
0.0
0.0
1.0
0.0
0.0
0.0
0.0
0.0
1.0
0.0
0.0
0.0
45.0
0.0
37.0
0.0
0.0
0.0
0.0
0.0
0.0
0.0
0.0
0.0
0.0
0.0
6.0
0.0
35.0
1.0
0.0
0.0
0.0
0.0
0.0
0.0
0.0
0.0
0.0
113.0
0.0
0.0
1000.0
0.0
0.0
1.0
0.0
0.0
0.0
48.0
66.0
0.0
0.0
1.0
41.0
0.0
0.0
0.0
70.0
0.0
0.0
0.0
5.0
0.0
11.0
0.0
5.0
0.0
0.0
0.0
0.0
41.0
0.0
0.0
0.0
0.0
0.0
0.0
0.0
327.0
0.0
0.0
0.0
1.0
0.0
0.0
0.0
0.0
34.0
1.0
0.0
1000.0
1000.0
0.0
0.0
0.0
0.0
0.0
0.0
14.0
0.0
0.0
0.0
2.0
0.0
1.0
0.0
0.0
0.0
0.0
0.0
34.0
0.0
32.0
1.0
26.0
0.0
0.0
0.0
0.0
1.0
0.0
0.0
1.0
0.0
1.0
0.0
0.0
0.0
0.0
0.0
0.0
0.0
0.0
0.0
28.0
25.0
1.0
0.0
46.0
0.0
0.0
0.0
0.0
0.0
0.0
103.0
0.0
0.0
0.0
0.0
0.0
0.0
0.0
0.0
41.0
1.0
0.0
0.0
0.0
1.0
0.0
0.0
0.0
0.0
1.0
0.0
0.0
0.0
0.0
0.0
0.0
0.0
0.0
36.0
1.0
0.0
0.0
0.0
0.0
0.0
0.0
0.0
0.0
1.0
36.0
0.0
0.0
0.0
0.0
0.0
0.0
0.0
0.0
0.0
0.0
0.0
0.0
0.0
0.0
1.0
0.0
0.0
6.0
0.0
0.0
0.0
0.0
0.0
0.0
0.0
0.0
0.0
0.0
4.0
0.0
1.0
0.0
0.0
1.0
0.0
0.0
0.0
0.0
34.0
0.0
0.0
0.0
1.0
55.0
0.0
0.0
0.0
8.0
0.0
0.0
1.0
0.0
9.0
0.0
0.0
0.0
0.0
0.0
1.0
1.0
0.0
0.0
0.0
0.0
0.0
0.0
0.0
38.0
0.0
31.0
0.0
0.0
4.0
42.0
36.0
0.0
111.0
0.0
0.0
0.0
4.0
0.0
0.0
0.0
1.0
0.0
4.0
0.0
1000.0
0.0
0.0
0.0
0.0
30.0
0.0
1.0
0.0
0.0
0.0
0.0
1.0
3.0
0.0
5.0
0.0
42.0
3.0
0.0
39.0
6.0
0.0
0.0
166.0
0.0
0.0
0.0
0.0
0.0
0.0
0.0
0.0
0.0
0.0
6.0
0.0
0.0
42.0
0.0
0.0
0.0
2.0
0.0
0.0
0.0
0.0
0.0
0.0
43.0
0.0
12.0
0.0
0.0
0.0
33.0
0.0
4.0
0.0
0.0
0.0
2.0
0.0
0.0
0.0
0.0
0.0
0.0
0.0
0.0
0.0
2.0
0.0
0.0
0.0
0.0
0.0
0.0
0.0
0.0
0.0
0.0
0.0
0.0
0.0
1.0
43.0
0.0
0.0
0.0
0.0
0.0
0.0
0.0
0.0
0.0
0.0
0.0
0.0
0.0
0.0
0.0
0.0
2.0
1.0
0.0
456.0
0.0
2.0
0.0
0.0
757.0
0.0
2.0
41.0
0.0
47.0
0.0
0.0
0.0
0.0
0.0
0.0
0.0
0.0
0.0
0.0
0.0
38.0
0.0
0.0
0.0
0.0
0.0
0.0
44.0
56.0
1.0
0.0
0.0
44.0
0.0
2.0
2.0
0.0
0.0
0.0
0.0
0.0
0.0
0.0
0.0
0.0
0.0
0.0
0.0
0.0
0.0
16.0
0.0
30.0
1.0
1.0
1.0
0.0
0.0
0.0
34.0
0.0
41.0
43.0
0.0
0.0
266.0
0.0
0.0
0.0
0.0
0.0
0.0
0.0
0.0
0.0
40.0
0.0
2.0
0.0
0.0
37.0
0.0
0.0
1.0
13.0
5.0
0.0
0.0
0.0
0.0
36.0
2.0
0.0
48.0
0.0
0.0
0.0
0.0
0.0
0.0
0.0
0.0
1.0
0.0
0.0
0.0
0.0
0.0
0.0
0.0
0.0
0.0
0.0
0.0
5.0
0.0
0.0
40.0
35.0
53.0
0.0
0.0
28.0
0.0
38.0
0.0
0.0
0.0
0.0
0.0
35.0
0.0
0.0
35.0
0.0
2.0
36.0
43.0
39.0
1.0
39.0
0.0
29.0
0.0
1.0
0.0
36.0
0.0
2.0
0.0
34.0
0.0
0.0
2.0
33.0
0.0
0.0
30.0
0.0
0.0
0.0
34.0
0.0
0.0
0.0
0.0
39.0
0.0
0.0
0.0
28.0
0.0
1.0
0.0
0.0
0.0
0.0
0.0
0.0
40.0
0.0
38.0
30.0
0.0
46.0
0.0
0.0
120.0
15.0
0.0
0.0
0.0
0.0
31.0
1000.0
0.0
0.0
0.0
0.0
31.0
35.0
0.0
0.0
0.0
43.0
58.0
0.0
0.0
0.0
0.0
0.0
1.0
277.0
36.0
45.0
41.0
0.0
0.0
0.0
0.0
0.0
2.0
0.0
0.0
0.0
1.0
0.0
0.0
0.0
0.0
1000.0
0.0
0.0
51.0
0.0
0.0
2.0
47.0
0.0
0.0
34.0
0.0
0.0
54.0
0.0
0.0
34.0
36.0
4.0
0.0
0.0
1.0
0.0
0.0
0.0
0.0
0.0
3.0
1.0
0.0
0.0
0.0
0.0
41.0
0.0
119.0
40.0
0.0
0.0
34.0
0.0
0.0
0.0
0.0
0.0
0.0
32.0
0.0
0.0
0.0
0.0
2.0
0.0
0.0
0.0
0.0
34.0
0.0
0.0
0.0
276.0
0.0
35.0
31.0
2.0
0.0
0.0
0.0
2.0
33.0
0.0
0.0
0.0
41.0
0.0
0.0
0.0
0.0
1.0
0.0
0.0
2.0
2.0
5.0
38.0
0.0
0.0
1.0
0.0
0.0
0.0
0.0
19.0
0.0
0.0
0.0
0.0
0.0
0.0
0.0
0.0
0.0
0.0
1.0
0.0
0.0
38.0
0.0
0.0
0.0
0.0
0.0
0.0
35.0
0.0
1.0
1.0
44.0
1.0
0.0
0.0
0.0
0.0
0.0
0.0
25.0
0.0
0.0
40.0
0.0
0.0
0.0
2.0
0.0
0.0
0.0
0.0
0.0
0.0
0.0
0.0
0.0
39.0
41.0
0.0
0.0
0.0
0.0
0.0
0.0
0.0
0.0
0.0
1.0
0.0
41.0
0.0
151.0
34.0
0.0
1.0
39.0
0.0
32.0
0.0
35.0
0.0
0.0
0.0
0.0
0.0
0.0
0.0
0.0
0.0
35.0
0.0
0.0
1.0
46.0
0.0
37.0
0.0
0.0
1.0
0.0
0.0
35.0
0.0
0.0
0.0
40.0
0.0
0.0
0.0
1.0
1.0
0.0
0.0
0.0
0.0
0.0
0.0
0.0
0.0
0.0
0.0
0.0
0.0
0.0
46.0
0.0
0.0
0.0
0.0
0.0
0.0
0.0
150.0
0.0
0.0
0.0
0.0
0.0
35.0
0.0
31.0
0.0
0.0
13.0
0.0
33.0
0.0
0.0
0.0
0.0
16.0
0.0
0.0
0.0
0.0
0.0
0.0
0.0
0.0
0.0
0.0
0.0
0.0
35.0
0.0
1.0
0.0
1.0
0.0
0.0
28.0
0.0
17.0
3.0
0.0
0.0
3.0
0.0
0.0
0.0
0.0
0.0
0.0
0.0
0.0
292.0
0.0
1.0
0.0
0.0
0.0
0.0
0.0
0.0
0.0
14.0
42.0
1.0
0.0
0.0
37.0
0.0
0.0
0.0
0.0
1.0
0.0
0.0
0.0
0.0
0.0
0.0
3.0
0.0
31.0
0.0
39.0
42.0
0.0
0.0
1.0
0.0
0.0
0.0
0.0
2.0
0.0
0.0
0.0
0.0
0.0
0.0
0.0
0.0
0.0
0.0
0.0
0.0
0.0
0.0
2.0
0.0
39.0
0.0
0.0
530.0
1.0
9.0
0.0
0.0
0.0
0.0
0.0
0.0
0.0
4.0
0.0
220.0
0.0
0.0
0.0
5.0
34.0
0.0
0.0
0.0
0.0
0.0
0.0
50.0
0.0
0.0
0.0
0.0
0.0
0.0
0.0
0.0
0.0
0.0
0.0
1.0
0.0
0.0
1.0
39.0
0.0
0.0
0.0
0.0
3.0
1.0
2.0
0.0
0.0
0.0
3.0
0.0
0.0
0.0
0.0
0.0
0.0
0.0
0.0
281.0
33.0
41.0
0.0
0.0
0.0
0.0
0.0
0.0
64.0
0.0
0.0
1.0
0.0
501.0
0.0
0.0
0.0
0.0
2.0
251.0
1.0
0.0
0.0
0.0
0.0
42.0
0.0
0.0
0.0
0.0
0.0
0.0
0.0
0.0
758.0
0.0
0.0
0.0
0.0
0.0
0.0
0.0
0.0
0.0
1.0
0.0
0.0
0.0
169.0
31.0
1.0
0.0
0.0
0.0
1.0
271.0
0.0
0.0
0.0
40.0
1.0
0.0
0.0
0.0
39.0
0.0
0.0
0.0
0.0
0.0
0.0
0.0
0.0
1.0
0.0
0.0
0.0
0.0
3.0
0.0
33.0
0.0
0.0
0.0
0.0
0.0
0.0
0.0
35.0
0.0
0.0
2.0
0.0
0.0
0.0
0.0
0.0
30.0
0.0
0.0
35.0
0.0
2.0
0.0
0.0
37.0
0.0
37.0
95.0
1000.0
33.0
2.0
0.0
0.0
28.0
0.0
0.0
0.0
0.0
0.0
0.0
0.0
0.0
47.0
2.0
0.0
0.0
0.0
0.0
28.0
26.0
42.0
0.0
0.0
0.0
0.0
34.0
0.0
0.0
0.0
2.0
32.0
1.0
0.0
33.0
0.0
47.0
0.0
0.0
0.0
0.0
0.0
0.0
1.0
2.0
36.0
0.0
0.0
0.0
0.0
2.0
0.0
1.0
0.0
0.0
0.0
1.0
0.0
11.0
4.0
5.0
0.0
0.0
0.0
36.0
0.0
0.0
0.0
0.0
0.0
0.0
36.0
0.0
0.0
0.0
59.0
269.0
1.0
0.0
0.0
0.0
0.0
0.0
0.0
0.0
0.0
0.0
652.0
0.0
34.0
41.0
0.0
0.0
0.0
0.0
1.0
33.0
0.0
0.0
0.0
45.0
0.0
0.0
0.0
0.0
0.0
699.0
0.0
58.0
0.0
0.0
0.0
39.0
0.0
0.0
0.0
0.0
0.0
0.0
51.0
0.0
0.0
0.0
0.0
0.0
0.0
0.0
1.0
0.0
32.0
0.0
43.0
0.0
0.0
0.0
1.0
0.0
0.0
0.0
0.0
1.0
0.0
29.0
0.0
1.0
0.0
0.0
0.0
0.0
0.0
0.0
0.0
25.0
13.0
1.0
0.0
0.0
0.0
0.0
0.0
0.0
0.0
0.0
35.0
0.0
0.0
0.0
0.0
0.0
0.0
0.0
57.0
0.0
1.0
0.0
0.0
0.0
0.0
0.0
0.0
33.0
0.0
0.0
0.0
43.0
0.0
0.0
0.0
0.0
0.0
0.0
1.0
0.0
34.0
0.0
0.0
0.0
0.0
0.0
0.0
1.0
0.0
0.0
0.0
0.0
0.0
0.0
3.0
2.0
0.0
0.0
0.0
0.0
0.0
38.0
0.0
647.0
0.0
33.0
42.0
795.0
0.0
0.0
0.0
0.0
0.0
0.0
16.0
40.0
0.0
29.0
0.0
0.0
0.0
0.0
0.0
0.0
3.0
0.0
0.0
0.0
0.0
0.0
0.0
0.0
0.0
0.0
0.0
0.0
0.0
0.0
0.0
0.0
0.0
2.0
0.0
0.0
0.0
0.0
0.0
0.0
0.0
0.0
0.0
1.0
30.0
3.0
1.0
0.0
0.0
29.0
0.0
0.0
0.0
0.0
0.0
1.0
0.0
0.0
1.0
0.0
0.0
31.0
0.0
0.0
0.0
0.0
34.0
0.0
0.0
0.0
0.0
0.0
6.0
36.0
1.0
33.0
0.0
32.0
0.0
1.0
0.0
0.0
0.0
49.0
0.0
0.0
0.0
0.0
0.0
0.0
0.0
40.0
30.0
11.0
0.0
0.0
0.0
0.0
0.0
0.0
0.0
0.0
0.0
0.0
0.0
0.0
0.0
0.0
0.0
0.0
0.0
0.0
0.0
3.0
28.0
0.0
36.0
43.0
285.0
0.0
50.0
0.0
0.0
0.0
38.0
0.0
0.0
0.0
0.0
0.0
0.0
0.0
0.0
0.0
0.0
35.0
0.0
0.0
0.0
0.0
0.0
35.0
0.0
0.0
0.0
0.0
0.0
0.0
33.0
0.0
0.0
0.0
3.0
0.0
0.0
2.0
37.0
0.0
0.0
1000.0
0.0
32.0
62.0
0.0
1.0
0.0
0.0
0.0
44.0
0.0
4.0
42.0
0.0
0.0
30.0
0.0
33.0
43.0
46.0
0.0
2.0
0.0
29.0
55.0
36.0
0.0
28.0
0.0
0.0
0.0
2.0
42.0
0.0
5.0
0.0
0.0
0.0
0.0
0.0
0.0
0.0
36.0
0.0
0.0
0.0
930.0
0.0
0.0
0.0
0.0
38.0
0.0
0.0
31.0
0.0
49.0
0.0
0.0
0.0
0.0
0.0
0.0
7.0
43.0
0.0
0.0
0.0
10.0
0.0
34.0
0.0
6.0
0.0
0.0
0.0
0.0
0.0
39.0
0.0
0.0
0.0
0.0
0.0
0.0
0.0
39.0
0.0
0.0
48.0
0.0
1.0
2.0
0.0
0.0
0.0
31.0
0.0
0.0
0.0
0.0
0.0
43.0
0.0
12.0
0.0
0.0
38.0
0.0
0.0
31.0
240.0
0.0
33.0
45.0
23.0
0.0
15.0
32.0
0.0
0.0
0.0
0.0
7.0
0.0
0.0
0.0
0.0
2.0
0.0
45.0
0.0
0.0
4.0
0.0
0.0
0.0
0.0
0.0
0.0
0.0
0.0
0.0
0.0
30.0
1.0
0.0
0.0
0.0
2.0
2.0
0.0
0.0
99.0
0.0
0.0
0.0
0.0
0.0
41.0
14.0
36.0
0.0
1000.0
0.0
0.0
40.0
0.0
0.0
0.0
0.0
0.0
0.0
0.0
0.0
1.0
0.0
29.0
280.0
37.0
0.0
17.0
0.0
0.0
0.0
0.0
0.0
0.0
0.0
0.0
0.0
0.0
0.0
34.0
0.0
0.0
0.0
38.0
0.0
0.0
0.0
1.0
0.0
0.0
0.0
0.0
0.0
1.0
0.0
6.0
1.0
1.0
0.0
1.0
0.0
0.0
0.0
0.0
0.0
0.0
0.0
0.0
37.0
0.0
0.0
40.0
40.0
0.0
1.0
0.0
0.0
38.0
0.0
0.0
0.0
1.0
0.0
27.0
0.0
0.0
0.0
0.0
23.0
0.0
0.0
0.0
34.0
9.0
0.0
1.0
50.0
0.0
2.0
0.0
0.0
29.0
2.0
116.0
0.0
0.0
0.0
0.0
29.0
0.0
0.0
0.0
0.0
1.0
0.0
6.0
3.0
31.0
32.0
0.0
41.0
0.0
0.0
0.0
42.0
1000.0
0.0
0.0
0.0
0.0
0.0
2.0
0.0
0.0
1.0
1.0
0.0
0.0
1.0
0.0
33.0
0.0
0.0
0.0
0.0
27.0
0.0
57.0
2.0
0.0
0.0
0.0
0.0
0.0
0.0
0.0
45.0
0.0
0.0
38.0
45.0
0.0
0.0
0.0
0.0
41.0
0.0
0.0
0.0
0.0
0.0
36.0
0.0
37.0
0.0
2.0
0.0
0.0
0.0
0.0
0.0
0.0
0.0
40.0
0.0
0.0
2.0
0.0
2.0
0.0
0.0
10.0
0.0
1.0
0.0
0.0
10.0
4.0
0.0
52.0
0.0
0.0
1.0
31.0
2.0
34.0
36.0
41.0
0.0
35.0
0.0
0.0
0.0
0.0
0.0
0.0
40.0
0.0
2.0
1.0
0.0
0.0
0.0
0.0
0.0
0.0
72.0
0.0
0.0
0.0
31.0
0.0
1.0
26.0
0.0
7.0
18.0
1.0
0.0
0.0
0.0
38.0
0.0
0.0
0.0
0.0
0.0
0.0
0.0
33.0
0.0
41.0
0.0
0.0
0.0
0.0
42.0
0.0
0.0
0.0
0.0
0.0
0.0
0.0
0.0
0.0
2.0
0.0
0.0
0.0
0.0
0.0
33.0
0.0
0.0
1.0
0.0
0.0
0.0
33.0
0.0
58.0
41.0
0.0
0.0
0.0
0.0
0.0
0.0
4.0
0.0
0.0
0.0
1000.0
0.0
0.0
0.0
0.0
4.0
1.0
6.0
0.0
0.0
0.0
0.0
1.0
0.0
0.0
0.0
38.0
3.0
0.0
0.0
0.0
0.0
1.0
45.0
0.0
0.0
2.0
0.0
0.0
0.0
0.0
0.0
1.0
1.0
1.0
0.0
0.0
0.0
0.0
0.0
0.0
0.0
29.0
264.0
0.0
30.0
0.0
41.0
39.0
0.0
1.0
37.0
0.0
0.0
0.0
0.0
0.0
0.0
0.0
0.0
0.0
0.0
0.0
0.0
0.0
0.0
94.0
0.0
0.0
0.0
0.0
0.0
0.0
0.0
0.0
36.0
0.0
0.0
38.0
43.0
0.0
0.0
0.0
2.0
282.0
0.0
257.0
0.0
0.0
0.0
0.0
0.0
0.0
0.0
1.0
2.0
0.0
0.0
43.0
0.0
39.0
0.0
0.0
0.0
0.0
458.0
0.0
0.0
29.0
0.0
0.0
886.0
35.0
0.0
0.0
0.0
0.0
0.0
0.0
2.0
0.0
1.0
0.0
0.0
0.0
32.0
37.0
0.0
0.0
0.0
42.0
0.0
0.0
0.0
0.0
0.0
0.0
1.0
0.0
36.0
0.0
1.0
0.0
0.0
0.0
1.0
3.0
0.0
0.0
0.0
0.0
33.0
0.0
0.0
0.0
0.0
0.0
1.0
767.0
0.0
0.0
30.0
272.0
54.0
2.0
31.0
0.0
0.0
0.0
0.0
0.0
0.0
0.0
35.0
0.0
0.0
45.0
0.0
3.0
34.0
38.0
266.0
0.0
1000.0
0.0
1.0
0.0
0.0
0.0
0.0
1.0
0.0
0.0
2.0
0.0
3.0
0.0
0.0
0.0
0.0
2.0
0.0
25.0
0.0
0.0
0.0
0.0
0.0
45.0
201.0
0.0
0.0
34.0
0.0
0.0
1000.0
0.0
301.0
0.0
1000.0
0.0
0.0
0.0
548.0
1.0
0.0
0.0
0.0
0.0
0.0
0.0
36.0
0.0
0.0
0.0
1.0
0.0
0.0
0.0
0.0
0.0
0.0
0.0
1.0
24.0
0.0
0.0
0.0
0.0
0.0
0.0
0.0
0.0
0.0
0.0
0.0
0.0
32.0
0.0
54.0
0.0
0.0
0.0
0.0
39.0
3.0
25.0
0.0
0.0
0.0
0.0
0.0
1.0
0.0
0.0
0.0
0.0
34.0
0.0
0.0
0.0
0.0
50.0
322.0
1.0
2.0
3.0
0.0
0.0
0.0
0.0
0.0
0.0
36.0
3.0
752.0
0.0
0.0
3.0
0.0
0.0
0.0
5.0
12.0
0.0
0.0
0.0
0.0
39.0
40.0
0.0
117.0
0.0
0.0
0.0
0.0
0.0
0.0
564.0
0.0
29.0
0.0
1.0
39.0
0.0
284.0
1.0
0.0
0.0
0.0
0.0
0.0
1.0
0.0
32.0
0.0
0.0
36.0
0.0
39.0
0.0
0.0
0.0
29.0
2.0
0.0
41.0
0.0
0.0
0.0
0.0
39.0
37.0
0.0
0.0
3.0
0.0
0.0
0.0
0.0
40.0
0.0
2.0
0.0
0.0
0.0
0.0
0.0
0.0
0.0
0.0
0.0
34.0
399.0
0.0
0.0
0.0
1.0
570.0
0.0
39.0
0.0
0.0
0.0
0.0
0.0
0.0
36.0
47.0
0.0
0.0
0.0
0.0
0.0
0.0
0.0
0.0
0.0
0.0
2.0
0.0
29.0
47.0
0.0
0.0
32.0
0.0
0.0
5.0
0.0
0.0
1.0
0.0
4.0
0.0
45.0
0.0
0.0
0.0
0.0
0.0
51.0
0.0
0.0
0.0
0.0
2.0
0.0
2.0
0.0
55.0
0.0
7.0
1.0
3.0
0.0
111.0
50.0
0.0
0.0
0.0
0.0
0.0
43.0
0.0
0.0
37.0
0.0
0.0
0.0
4.0
4.0
0.0
0.0
0.0
0.0
0.0
0.0
0.0
7.0
4.0
42.0
38.0
36.0
34.0
0.0
0.0
0.0
0.0
0.0
0.0
0.0
0.0
0.0
261.0
34.0
0.0
0.0
7.0
2.0
34.0
0.0
0.0
2.0
3.0
0.0
39.0
306.0
0.0
0.0
5.0
3.0
34.0
0.0
0.0
5.0
0.0
0.0
0.0
0.0
0.0
1.0
34.0
0.0
0.0
4.0
0.0
0.0
0.0
0.0
0.0
0.0
0.0
0.0
0.0
32.0
0.0
0.0
0.0
0.0
4.0
0.0
0.0
614.0
1.0
0.0
645.0
0.0
0.0
1.0
0.0
0.0
0.0
0.0
0.0
11.0
1.0
48.0
38.0
1000.0
0.0
1.0
0.0
31.0
0.0
0.0
0.0
0.0
0.0
0.0
86.0
0.0
0.0
0.0
1.0
1.0
40.0
0.0
0.0
0.0
0.0
0.0
0.0
34.0
0.0
4.0
32.0
0.0
0.0
0.0
0.0
0.0
0.0
0.0
48.0
0.0
0.0
0.0
0.0
0.0
0.0
35.0
0.0
178.0
0.0
35.0
0.0
0.0
0.0
0.0
0.0
0.0
45.0
0.0
0.0
0.0
0.0
0.0
14.0
0.0
0.0
0.0
33.0
29.0
0.0
0.0
40.0
35.0
0.0
0.0
0.0
0.0
40.0
0.0
9.0
40.0
0.0
0.0
0.0
0.0
83.0
1.0
0.0
36.0
0.0
0.0
1.0
0.0
0.0
3.0
0.0
0.0
0.0
0.0
43.0
30.0
0.0
0.0
301.0
0.0
0.0
42.0
0.0
0.0
41.0
0.0
0.0
0.0
0.0
44.0
33.0
38.0
0.0
0.0
0.0
37.0
0.0
35.0
0.0
0.0
0.0
33.0
35.0
4.0
0.0
1.0
0.0
19.0
40.0
24.0
0.0
0.0
41.0
0.0
1.0
0.0
0.0
40.0
0.0
31.0
0.0
1.0
0.0
0.0
3.0
0.0
0.0
1.0
38.0
0.0
183.0
0.0
0.0
36.0
0.0
1.0
2.0
0.0
0.0
0.0
0.0
0.0
0.0
0.0
1.0
872.0
1.0
0.0
0.0
0.0
33.0
0.0
0.0
33.0
0.0
44.0
28.0
0.0
0.0
0.0
0.0
2.0
0.0
5.0
45.0
30.0
0.0
30.0
0.0
0.0
0.0
0.0
0.0
0.0
0.0
47.0
0.0
0.0
0.0
31.0
49.0
41.0
0.0
36.0
0.0
0.0
42.0
1.0
0.0
0.0
0.0
0.0
0.0
46.0
0.0
0.0
0.0
0.0
0.0
49.0
0.0
0.0
0.0
0.0
0.0
19.0
0.0
0.0
44.0
0.0
0.0
0.0
0.0
0.0
0.0
0.0
40.0
0.0
0.0
0.0
2.0
0.0
1.0
0.0
37.0
0.0
0.0
0.0
0.0
0.0
0.0
1.0
0.0
32.0
0.0
0.0
0.0
0.0
0.0
0.0
0.0
29.0
0.0
1.0
1.0
0.0
34.0
0.0
2.0
31.0
0.0
0.0
0.0
0.0
0.0
0.0
41.0
0.0
0.0
2.0
33.0
0.0
0.0
0.0
1.0
0.0
0.0
1.0
0.0
0.0
0.0
2.0
0.0
0.0
0.0
0.0
0.0
0.0
0.0
32.0
0.0
0.0
0.0
31.0
27.0
0.0
1.0
28.0
0.0
1.0
0.0
0.0
1.0
39.0
1.0
0.0
0.0
1.0
0.0
0.0
2.0
0.0
0.0
4.0
0.0
0.0
1.0
0.0
0.0
0.0
0.0
0.0
0.0
0.0
0.0
39.0
312.0
0.0
0.0
263.0
37.0
0.0
0.0
2.0
36.0
0.0
5.0
0.0
37.0
0.0
4.0
47.0
0.0
36.0
0.0
39.0
0.0
0.0
2.0
0.0
33.0
42.0
0.0
0.0
42.0
0.0
43.0
1.0
0.0
11.0
0.0
0.0
1.0
0.0
3.0
43.0
0.0
0.0
0.0
0.0
0.0
0.0
0.0
0.0
0.0
0.0
0.0
0.0
0.0
0.0
0.0
0.0
0.0
24.0
0.0
0.0
0.0
0.0
0.0
309.0
0.0
37.0
0.0
0.0
0.0
5.0
0.0
0.0
0.0
0.0
0.0
57.0
1.0
0.0
30.0
0.0
0.0
0.0
0.0
43.0
0.0
0.0
0.0
0.0
0.0
0.0
2.0
0.0
0.0
28.0
0.0
0.0
0.0
39.0
0.0
39.0
0.0
46.0
34.0
0.0
0.0
0.0
0.0
0.0
0.0
0.0
0.0
5.0
14.0
0.0
0.0
0.0
1.0
1.0
0.0
0.0
0.0
0.0
0.0
0.0
0.0
49.0
0.0
0.0
0.0
1.0
2.0
0.0
0.0
38.0
0.0
0.0
0.0
0.0
1.0
40.0
191.0
0.0
1.0
0.0
39.0
270.0
0.0
0.0
0.0
0.0
0.0
0.0
0.0
34.0
2.0
0.0
0.0
0.0
0.0
0.0
0.0
0.0
0.0
1.0
0.0
37.0
0.0
0.0
0.0
0.0
1.0
0.0
0.0
0.0
0.0
0.0
0.0
453.0
0.0
0.0
2.0
0.0
0.0
0.0
0.0
0.0
0.0
0.0
36.0
0.0
34.0
236.0
0.0
0.0
12.0
48.0
0.0
0.0
7.0
17.0
0.0
0.0
0.0
39.0
0.0
0.0
0.0
1.0
96.0
0.0
0.0
37.0
41.0
1.0
1.0
1.0
0.0
38.0
0.0
1.0
9.0
0.0
5.0
0.0
0.0
1.0
34.0
0.0
0.0
958.0
0.0
1.0
0.0
0.0
0.0
14.0
0.0
2.0
0.0
0.0
0.0
0.0
1.0
0.0
0.0
0.0
0.0
0.0
0.0
3.0
42.0
0.0
35.0
0.0
0.0
0.0
0.0
40.0
8.0
0.0
43.0
0.0
25.0
36.0
0.0
43.0
0.0
1.0
0.0
0.0
0.0
0.0
1.0
0.0
19.0
0.0
0.0
587.0
1.0
0.0
0.0
0.0
0.0
0.0
0.0
43.0
4.0
31.0
1.0
0.0
0.0
0.0
0.0
1.0
0.0
35.0
0.0
0.0
0.0
0.0
0.0
0.0
0.0
0.0
11.0
0.0
1.0
3.0
1.0
1.0
0.0
0.0
51.0
0.0
0.0
0.0
0.0
0.0
0.0
0.0
6.0
0.0
0.0
0.0
0.0
0.0
0.0
23.0
9.0
0.0
0.0
0.0
0.0
0.0
39.0
0.0
0.0
0.0
0.0
35.0
0.0
1.0
0.0
0.0
0.0
50.0
36.0
1.0
0.0
0.0
0.0
1.0
44.0
27.0
32.0
32.0
0.0
0.0
0.0
0.0
33.0
31.0
45.0
31.0
0.0
38.0
0.0
1.0
0.0
2.0
0.0
0.0
0.0
0.0
0.0
0.0
0.0
0.0
0.0
42.0
45.0
0.0
0.0
0.0
0.0
0.0
0.0
0.0
0.0
38.0
26.0
3.0
0.0
0.0
0.0
0.0
46.0
5.0
0.0
0.0
0.0
35.0
0.0
1.0
2.0
44.0
0.0
0.0
0.0
0.0
0.0
0.0
0.0
0.0
0.0
41.0
0.0
2.0
0.0
0.0
32.0
33.0
0.0
0.0
0.0
0.0
0.0
0.0
0.0
0.0
1.0
48.0
0.0
0.0
0.0
0.0
0.0
0.0
35.0
0.0
2.0
0.0
1000.0
0.0
31.0
3.0
32.0
0.0
1.0
0.0
0.0
39.0
0.0
0.0
47.0
0.0
3.0
0.0
0.0
0.0
0.0
0.0
0.0
0.0
1.0
1.0
286.0
0.0
0.0
0.0
0.0
0.0
0.0
0.0
0.0
2.0
0.0
0.0
0.0
0.0
1.0
0.0
0.0
8.0
0.0
0.0
26.0
652.0
0.0
0.0
418.0
0.0
0.0
0.0
0.0
41.0
38.0
0.0
0.0
0.0
0.0
1.0
42.0
0.0
0.0
0.0
1.0
39.0
0.0
36.0
0.0
0.0
0.0
35.0
0.0
1.0
0.0
18.0
34.0
0.0
0.0
0.0
0.0
0.0
32.0
0.0
0.0
0.0
0.0
0.0
0.0
42.0
0.0
44.0
0.0
0.0
2.0
0.0
50.0
0.0
0.0
1.0
1.0
0.0
0.0
52.0
0.0
0.0
0.0
0.0
0.0
0.0
0.0
41.0
0.0
0.0
854.0
1.0
0.0
0.0
0.0
0.0
1.0
0.0
44.0
0.0
0.0
0.0
0.0
45.0
0.0
0.0
38.0
1.0
0.0
1000.0
0.0
0.0
0.0
0.0
425.0
0.0
0.0
0.0
0.0
0.0
948.0
0.0
0.0
0.0
0.0
0.0
0.0
0.0
1.0
41.0
0.0
0.0
0.0
0.0
41.0
0.0
0.0
0.0
0.0
0.0
33.0
0.0
0.0
0.0
2.0
0.0
0.0
0.0
44.0
0.0
0.0
1.0
0.0
0.0
0.0
0.0
2.0
0.0
0.0
16.0
0.0
42.0
0.0
25.0
2.0
0.0
0.0
0.0
43.0
34.0
0.0
0.0
0.0
0.0
0.0
0.0
39.0
0.0
0.0
34.0
28.0
0.0
2.0
5.0
0.0
35.0
5.0
0.0
0.0
0.0
0.0
6.0
0.0
0.0
1.0
1.0
41.0
0.0
0.0
0.0
0.0
0.0
0.0
0.0
1.0
1.0
0.0
53.0
0.0
332.0
1.0
36.0
4.0
0.0
0.0
0.0
0.0
1.0
0.0
1.0
0.0
2.0
0.0
38.0
34.0
42.0
0.0
0.0
0.0
0.0
0.0
459.0
0.0
16.0
0.0
0.0
28.0
0.0
0.0
32.0
29.0
18.0
0.0
23.0
0.0
0.0
37.0
37.0
0.0
33.0
0.0
0.0
41.0
0.0
0.0
0.0
0.0
0.0
1.0
0.0
27.0
0.0
1.0
5.0
0.0
0.0
0.0
0.0
1.0
35.0
0.0
0.0
0.0
40.0
0.0
0.0
39.0
0.0
0.0
0.0
0.0
0.0
0.0
0.0
40.0
0.0
0.0
0.0
97.0
0.0
0.0
48.0
0.0
0.0
3.0
1.0
1.0
38.0
0.0
35.0
0.0
0.0
0.0
38.0
39.0
4.0
0.0
0.0
13.0
0.0
0.0
2.0
0.0
451.0
0.0
37.0
0.0
0.0
0.0
0.0
0.0
0.0
9.0
31.0
0.0
0.0
37.0
0.0
0.0
32.0
0.0
0.0
1.0
0.0
0.0
0.0
0.0
0.0
33.0
1.0
0.0
0.0
0.0
0.0
34.0
1.0
0.0
0.0
36.0
0.0
13.0
0.0
1.0
1.0
0.0
0.0
30.0
2.0
0.0
52.0
31.0
2.0
0.0
0.0
39.0
2.0
0.0
0.0
0.0
0.0
0.0
0.0
293.0
7.0
36.0
0.0
0.0
3.0
36.0
0.0
0.0
0.0
0.0
0.0
0.0
0.0
0.0
0.0
0.0
0.0
0.0
9.0
1.0
0.0
0.0
44.0
0.0
0.0
41.0
32.0
52.0
0.0
37.0
51.0
0.0
0.0
0.0
0.0
2.0
31.0
13.0
0.0
0.0
0.0
0.0
348.0
0.0
0.0
32.0
35.0
29.0
0.0
0.0
0.0
0.0
0.0
0.0
41.0
0.0
1.0
0.0
8.0
45.0
0.0
29.0
0.0
0.0
50.0
0.0
0.0
0.0
0.0
1.0
35.0
18.0
48.0
0.0
0.0
0.0
0.0
1.0
0.0
0.0
0.0
0.0
0.0
0.0
0.0
2.0
0.0
37.0
0.0
0.0
0.0
0.0
0.0
0.0
0.0
49.0
0.0
0.0
0.0
0.0
0.0
0.0
1000.0
2.0
0.0
0.0
0.0
0.0
0.0
0.0
0.0
0.0
0.0
0.0
0.0
0.0
0.0
0.0
0.0
0.0
0.0
0.0
1.0
0.0
0.0
0.0
1.0
28.0
0.0
0.0
44.0
36.0
0.0
0.0
0.0
5.0
43.0
35.0
33.0
40.0
0.0
0.0
46.0
0.0
0.0
2.0
36.0
43.0
0.0
0.0
0.0
0.0
41.0
0.0
0.0
3.0
0.0
0.0
0.0
0.0
0.0
0.0
460.0
38.0
1.0
0.0
0.0
35.0
0.0
0.0
4.0
0.0
0.0
44.0
0.0
0.0
7.0
0.0
0.0
51.0
106.0
43.0
0.0
0.0
0.0
2.0
0.0
0.0
44.0
0.0
0.0
0.0
0.0
226.0
43.0
0.0
0.0
31.0
4.0
0.0
0.0
0.0
0.0
0.0
0.0
2.0
0.0
0.0
0.0
0.0
3.0
0.0
2.0
0.0
0.0
0.0
43.0
0.0
0.0
0.0
0.0
0.0
0.0
0.0
0.0
0.0
36.0
43.0
0.0
0.0
54.0
0.0
0.0
38.0
0.0
2.0
44.0
0.0
0.0
0.0
0.0
0.0
0.0
0.0
13.0
34.0
0.0
0.0
0.0
39.0
0.0
1000.0
47.0
1000.0
0.0
275.0
0.0
346.0
32.0
0.0
0.0
0.0
7.0
1.0
0.0
35.0
0.0
0.0
0.0
33.0
0.0
0.0
0.0
1.0
0.0
293.0
1.0
1.0
34.0
0.0
1.0
0.0
289.0
1.0
46.0
33.0
0.0
0.0
0.0
0.0
0.0
0.0
0.0
0.0
0.0
2.0
0.0
0.0
1.0
37.0
0.0
1.0
1.0
41.0
38.0
0.0
0.0
89.0
0.0
0.0
4.0
0.0
35.0
35.0
0.0
1.0
0.0
0.0
0.0
0.0
1.0
1.0
0.0
0.0
0.0
0.0
0.0
0.0
0.0
0.0
0.0
0.0
43.0
9.0
1.0
0.0
0.0
31.0
33.0
0.0
0.0
0.0
0.0
3.0
30.0
0.0
0.0
1.0
0.0
1000.0
0.0
0.0
2.0
0.0
0.0
0.0
38.0
1.0
40.0
12.0
0.0
0.0
2.0
0.0
52.0
0.0
2.0
0.0
0.0
41.0
0.0
38.0
0.0
4.0
0.0
10.0
0.0
0.0
0.0
0.0
0.0
0.0
0.0
0.0
0.0
0.0
35.0
3.0
0.0
0.0
0.0
0.0
40.0
41.0
1.0
0.0
0.0
0.0
4.0
0.0
43.0
0.0
2.0
0.0
3.0
0.0
1.0
1.0
0.0
41.0
1.0
1.0
0.0
2.0
42.0
47.0
610.0
0.0
0.0
0.0
0.0
0.0
7.0
0.0
0.0
2.0
0.0
0.0
0.0
1.0
0.0
417.0
0.0
0.0
50.0
0.0
0.0
38.0
0.0
0.0
0.0
2.0
0.0
0.0
0.0
0.0
0.0
1.0
0.0
0.0
0.0
0.0
2.0
34.0
45.0
0.0
0.0
0.0
33.0
0.0
0.0
1.0
0.0
0.0
0.0
0.0
0.0
0.0
0.0
40.0
33.0
0.0
0.0
0.0
45.0
0.0
0.0
0.0
0.0
34.0
2.0
0.0
0.0
40.0
3.0
0.0
0.0
5.0
2.0
0.0
0.0
0.0
34.0
39.0
37.0
0.0
0.0
0.0
0.0
36.0
0.0
0.0
0.0
0.0
0.0
33.0
1.0
0.0
0.0
0.0
0.0
0.0
46.0
0.0
3.0
0.0
0.0
1.0
0.0
0.0
36.0
0.0
487.0
3.0
0.0
0.0
1.0
0.0
0.0
0.0
30.0
0.0
35.0
0.0
0.0
0.0
5.0
0.0
0.0
0.0
45.0
0.0
5.0
1.0
0.0
3.0
0.0
0.0
2.0
0.0
0.0
0.0
0.0
0.0
0.0
0.0
0.0
0.0
0.0
96.0
1.0
325.0
3.0
0.0
0.0
0.0
1.0
0.0
0.0
0.0
0.0
0.0
2.0
0.0
0.0
0.0
38.0
30.0
0.0
0.0
0.0
0.0
38.0
41.0
0.0
0.0
0.0
0.0
29.0
0.0
10.0
0.0
1.0
0.0
37.0
0.0
0.0
0.0
0.0
1.0
0.0
1.0
8.0
0.0
0.0
0.0
0.0
40.0
36.0
38.0
43.0
14.0
0.0
1.0
38.0
3.0
0.0
4.0
29.0
0.0
0.0
0.0
0.0
0.0
0.0
10.0
34.0
44.0
0.0
0.0
0.0
0.0
0.0
0.0
32.0
39.0
0.0
44.0
43.0
273.0
0.0
1.0
0.0
0.0
0.0
34.0
0.0
0.0
25.0
46.0
2.0
0.0
0.0
0.0
0.0
0.0
0.0
12.0
0.0
0.0
6.0
0.0
0.0
34.0
0.0
0.0
0.0
0.0
0.0
29.0
4.0
0.0
0.0
0.0
290.0
34.0
0.0
0.0
0.0
33.0
0.0
0.0
0.0
0.0
0.0
0.0
0.0
0.0
0.0
3.0
0.0
0.0
0.0
1000.0
2.0
0.0
2.0
2.0
0.0
0.0
0.0
0.0
0.0
0.0
0.0
0.0
0.0
0.0
0.0
0.0
0.0
209.0
41.0
16.0
1.0
0.0
3.0
26.0
580.0
0.0
1.0
0.0
1000.0
0.0
0.0
6.0
1.0
1.0
0.0
1.0
0.0
0.0
38.0
0.0
0.0
12.0
0.0
0.0
0.0
1.0
0.0
33.0
0.0
34.0
0.0
0.0
0.0
0.0
0.0
0.0
0.0
0.0
0.0
46.0
0.0
0.0
0.0
0.0
0.0
0.0
0.0
51.0
0.0
50.0
0.0
0.0
578.0
5.0
0.0
0.0
0.0
0.0
11.0
33.0
0.0
0.0
5.0
42.0
1.0
0.0
4.0
35.0
2.0
34.0
0.0
47.0
0.0
29.0
0.0
0.0
2.0
0.0
0.0
0.0
43.0
0.0
0.0
4.0
0.0
0.0
0.0
0.0
1.0
0.0
996.0
0.0
37.0
44.0
54.0
0.0
1.0
0.0
0.0
0.0
41.0
0.0
0.0
0.0
0.0
2.0
0.0
0.0
37.0
0.0
41.0
0.0
0.0
0.0
0.0
4.0
0.0
34.0
0.0
0.0
0.0
1.0
0.0
0.0
0.0
0.0
35.0
0.0
0.0
0.0
0.0
0.0
0.0
0.0
40.0
1.0
0.0
0.0
0.0
58.0
0.0
0.0
0.0
1.0
0.0
0.0
27.0
35.0
37.0
1000.0
0.0
0.0
0.0
0.0
1.0
0.0
0.0
10.0
0.0
0.0
0.0
0.0
0.0
0.0
0.0
15.0
0.0
45.0
0.0
0.0
0.0
0.0
0.0
0.0
0.0
0.0
0.0
0.0
40.0
6.0
0.0
45.0
0.0
0.0
47.0
0.0
46.0
991.0
0.0
1.0
2.0
9.0
6.0
0.0
0.0
0.0
1.0
0.0
68.0
26.0
0.0
0.0
43.0
0.0
42.0
0.0
0.0
0.0
12.0
0.0
2.0
0.0
33.0
0.0
0.0
0.0
0.0
0.0
0.0
0.0
46.0
0.0
135.0
0.0
0.0
38.0
39.0
0.0
0.0
0.0
1.0
0.0
1.0
42.0
28.0
0.0
0.0
0.0
0.0
46.0
9.0
318.0
0.0
0.0
0.0
0.0
41.0
41.0
2.0
32.0
0.0
0.0
0.0
0.0
4.0
0.0
0.0
0.0
34.0
0.0
873.0
0.0
0.0
0.0
3.0
0.0
0.0
0.0
0.0
0.0
0.0
44.0
191.0
0.0
0.0
3.0
0.0
0.0
0.0
0.0
12.0
0.0
26.0
0.0
0.0
3.0
0.0
0.0
0.0
9.0
0.0
1.0
0.0
0.0
6.0
1.0
0.0
0.0
12.0
37.0
0.0
0.0
0.0
4.0
0.0
1.0
0.0
0.0
0.0
0.0
6.0
4.0
0.0
0.0
39.0
178.0
1.0
0.0
0.0
0.0
0.0
35.0
0.0
0.0
39.0
0.0
0.0
0.0
0.0
38.0
695.0
0.0
0.0
1.0
47.0
0.0
2.0
0.0
0.0
0.0
39.0
37.0
32.0
37.0
0.0
0.0
0.0
0.0
1.0
0.0
23.0
0.0
0.0
0.0
0.0
0.0
0.0
7.0
0.0
24.0
0.0
51.0
0.0
36.0
243.0
2.0
42.0
0.0
0.0
63.0
0.0
1.0
30.0
29.0
44.0
0.0
0.0
9.0
0.0
27.0
0.0
275.0
0.0
33.0
0.0
2.0
1.0
0.0
34.0
0.0
0.0
0.0
620.0
44.0
0.0
0.0
30.0
1.0
1.0
47.0
0.0
0.0
34.0
0.0
41.0
37.0
0.0
30.0
0.0
33.0
0.0
1.0
0.0
0.0
0.0
34.0
0.0
1.0
0.0
38.0
1.0
41.0
32.0
0.0
0.0
0.0
0.0
1.0
34.0
0.0
278.0
0.0
0.0
0.0
0.0
1.0
0.0
0.0
0.0
0.0
0.0
0.0
0.0
0.0
0.0
0.0
51.0
859.0
37.0
0.0
0.0
0.0
0.0
1.0
0.0
0.0
0.0
0.0
0.0
0.0
0.0
25.0
0.0
0.0
274.0
0.0
0.0
0.0
1000.0
0.0
0.0
0.0
0.0
0.0
0.0
0.0
0.0
1.0
0.0
0.0
0.0
53.0
0.0
54.0
0.0
0.0
2.0
0.0
1.0
0.0
1000.0
0.0
0.0
0.0
0.0
6.0
1.0
48.0
0.0
0.0
0.0
0.0
0.0
0.0
0.0
2.0
0.0
0.0
185.0
0.0
0.0
0.0
0.0
0.0
0.0
1.0
0.0
1.0
43.0
64.0
0.0
0.0
0.0
60.0
0.0
0.0
0.0
810.0
0.0
1.0
0.0
10.0
776.0
4.0
0.0
8.0
0.0
0.0
0.0
0.0
48.0
0.0
0.0
0.0
0.0
0.0
1.0
1.0
428.0
0.0
0.0
0.0
0.0
1.0
0.0
0.0
0.0
48.0
0.0
0.0
0.0
0.0
4.0
0.0
0.0
0.0
0.0
0.0
14.0
0.0
0.0
0.0
0.0
0.0
0.0
0.0
0.0
0.0
0.0
0.0
40.0
0.0
51.0
0.0
46.0
0.0
1000.0
0.0
0.0
1.0
0.0
2.0
3.0
1000.0
0.0
0.0
0.0
876.0
0.0
0.0
0.0
8.0
0.0
0.0
44.0
41.0
0.0
0.0
53.0
1.0
0.0
0.0
0.0
0.0
0.0
203.0
0.0
0.0
1.0
0.0
2.0
0.0
0.0
0.0
47.0
0.0
0.0
0.0
1.0
0.0
0.0
0.0
1000.0
0.0
0.0
0.0
0.0
0.0
4.0
2.0
0.0
0.0
0.0
48.0
0.0
0.0
0.0
0.0
0.0
0.0
376.0
0.0
0.0
0.0
51.0
0.0
0.0
0.0
0.0
0.0
0.0
0.0
0.0
2.0
0.0
0.0
0.0
0.0
0.0
4.0
0.0
0.0
3.0
0.0
0.0
1000.0
0.0
0.0
0.0
0.0
1.0
0.0
0.0
15.0
0.0
0.0
0.0
2.0
1.0
0.0
0.0
0.0
0.0
65.0
0.0
0.0
0.0
0.0
51.0
0.0
0.0
0.0
3.0
0.0
0.0
0.0
0.0
20.0
0.0
0.0
0.0
0.0
0.0
0.0
0.0
0.0
0.0
0.0
0.0
0.0
0.0
0.0
53.0
0.0
42.0
0.0
0.0
3.0
44.0
57.0
0.0
467.0
0.0
0.0
0.0
0.0
0.0
1.0
0.0
0.0
0.0
6.0
0.0
0.0
0.0
0.0
0.0
0.0
43.0
0.0
2.0
0.0
0.0
0.0
0.0
0.0
2.0
0.0
4.0
0.0
43.0
1.0
0.0
50.0
2.0
0.0
0.0
36.0
0.0
0.0
0.0
0.0
0.0
0.0
0.0
0.0
0.0
0.0
12.0
0.0
0.0
57.0
0.0
0.0
0.0
3.0
0.0
0.0
0.0
0.0
0.0
0.0
47.0
0.0
10.0
0.0
0.0
0.0
42.0
0.0
3.0
1.0
0.0
0.0
0.0
0.0
1.0
0.0
0.0
0.0
0.0
0.0
0.0
0.0
1.0
0.0
0.0
0.0
0.0
0.0
1.0
0.0
0.0
0.0
1.0
0.0
0.0
0.0
2.0
39.0
0.0
0.0
0.0
0.0
0.0
0.0
0.0
0.0
0.0
1.0
0.0
0.0
0.0
0.0
0.0
0.0
4.0
0.0
0.0
543.0
0.0
6.0
0.0
0.0
78.0
0.0
4.0
47.0
0.0
42.0
0.0
0.0
2.0
0.0
5.0
0.0
0.0
0.0
1.0
0.0
0.0
40.0
0.0
0.0
0.0
0.0
0.0
0.0
51.0
68.0
0.0
0.0
0.0
56.0
0.0
3.0
5.0
0.0
0.0
4.0
0.0
0.0
0.0
0.0
0.0
0.0
0.0
0.0
0.0
0.0
0.0
10.0
1.0
53.0
0.0
0.0
0.0
0.0
0.0
0.0
57.0
0.0
39.0
53.0
0.0
0.0
142.0
0.0
0.0
0.0
0.0
0.0
0.0
0.0
0.0
0.0
63.0
0.0
0.0
0.0
0.0
42.0
0.0
0.0
1.0
12.0
1.0
0.0
0.0
0.0
0.0
51.0
0.0
0.0
60.0
0.0
0.0
1.0
0.0
1.0
0.0
0.0
0.0
3.0
0.0
0.0
0.0
0.0
1.0
0.0
0.0
0.0
0.0
0.0
0.0
3.0
0.0
0.0
47.0
55.0
42.0
0.0
0.0
51.0
0.0
45.0
0.0
0.0
0.0
0.0
0.0
46.0
0.0
0.0
41.0
0.0
3.0
41.0
51.0
58.0
1.0
57.0
0.0
49.0
0.0
1.0
0.0
48.0
0.0
3.0
0.0
58.0
0.0
0.0
5.0
61.0
0.0
0.0
41.0
0.0
0.0
2.0
40.0
0.0
0.0
0.0
1.0
39.0
0.0
0.0
0.0
33.0
0.0
0.0
0.0
0.0
0.0
0.0
0.0
0.0
42.0
0.0
51.0
38.0
0.0
39.0
0.0
0.0
0.0
1.0
0.0
0.0
0.0
0.0
51.0
0.0
0.0
0.0
0.0
0.0
43.0
44.0
0.0
0.0
0.0
36.0
60.0
0.0
0.0
0.0
0.0
0.0
2.0
0.0
49.0
45.0
53.0
0.0
0.0
0.0
11.0
0.0
7.0
0.0
0.0
0.0
1.0
0.0
1.0
0.0
0.0
0.0
0.0
0.0
45.0
0.0
0.0
3.0
53.0
1.0
0.0
67.0
0.0
1.0
59.0
0.0
0.0
60.0
24.0
5.0
0.0
0.0
1.0
0.0
0.0
0.0
0.0
1.0
1.0
1.0
1.0
0.0
3.0
0.0
51.0
0.0
0.0
49.0
0.0
0.0
58.0
0.0
1.0
0.0
0.0
0.0
1.0
55.0
0.0
0.0
0.0
0.0
4.0
0.0
0.0
1.0
0.0
47.0
0.0
0.0
0.0
410.0
0.0
41.0
52.0
1.0
2.0
0.0
0.0
1.0
47.0
0.0
0.0
1.0
52.0
0.0
0.0
0.0
0.0
0.0
0.0
0.0
0.0
2.0
20.0
54.0
0.0
0.0
1.0
0.0
0.0
0.0
0.0
11.0
0.0
0.0
0.0
0.0
0.0
4.0
0.0
0.0
0.0
0.0
0.0
0.0
0.0
46.0
0.0
0.0
0.0
0.0
0.0
0.0
48.0
0.0
0.0
3.0
46.0
1.0
0.0
1.0
0.0
0.0
0.0
0.0
31.0
0.0
0.0
62.0
0.0
0.0
861.0
0.0
0.0
0.0
0.0
0.0
1.0
0.0
0.0
0.0
0.0
45.0
40.0
0.0
0.0
0.0
0.0
0.0
0.0
0.0
0.0
0.0
1.0
1.0
47.0
1.0
82.0
28.0
0.0
0.0
44.0
0.0
48.0
0.0
56.0
0.0
0.0
0.0
0.0
0.0
0.0
0.0
0.0
0.0
50.0
0.0
0.0
0.0
30.0
0.0
56.0
1.0
0.0
3.0
0.0
0.0
59.0
0.0
1000.0
0.0
36.0
0.0
0.0
0.0
2.0
0.0
0.0
0.0
0.0
0.0
0.0
0.0
0.0
0.0
0.0
0.0
0.0
0.0
0.0
44.0
0.0
0.0
0.0
0.0
0.0
0.0
0.0
120.0
0.0
0.0
0.0
0.0
0.0
39.0
0.0
51.0
0.0
0.0
7.0
0.0
46.0
0.0
0.0
0.0
0.0
23.0
0.0
0.0
0.0
0.0
0.0
0.0
0.0
0.0
0.0
0.0
0.0
0.0
49.0
0.0
1.0
0.0
0.0
0.0
0.0
50.0
0.0
4.0
6.0
0.0
0.0
15.0
0.0
0.0
0.0
0.0
0.0
0.0
0.0
2.0
398.0
0.0
0.0
1.0
0.0
577.0
0.0
0.0
1.0
0.0
14.0
55.0
2.0
461.0
0.0
50.0
0.0
0.0
0.0
0.0
1.0
0.0
0.0
1.0
0.0
0.0
0.0
3.0
0.0
58.0
0.0
58.0
48.0
0.0
1.0
1.0
0.0
0.0
0.0
1.0
0.0
1.0
0.0
0.0
0.0
0.0
0.0
0.0
0.0
0.0
0.0
0.0
0.0
0.0
0.0
6.0
0.0
52.0
0.0
0.0
0.0
3.0
23.0
0.0
0.0
0.0
0.0
0.0
0.0
0.0
4.0
0.0
2.0
0.0
0.0
0.0
8.0
49.0
0.0
0.0
0.0
0.0
0.0
0.0
44.0
0.0
0.0
0.0
0.0
0.0
1000.0
1.0
0.0
0.0
0.0
0.0
0.0
0.0
0.0
2.0
33.0
0.0
0.0
0.0
0.0
2.0
0.0
2.0
0.0
0.0
0.0
2.0
0.0
0.0
0.0
0.0
0.0
0.0
0.0
1.0
426.0
38.0
62.0
0.0
0.0
1.0
0.0
2.0
0.0
61.0
1.0
0.0
0.0
0.0
330.0
0.0
0.0
0.0
0.0
3.0
414.0
3.0
0.0
0.0
0.0
0.0
51.0
0.0
0.0
0.0
0.0
0.0
0.0
0.0
1000.0
242.0
301.0
0.0
0.0
0.0
0.0
0.0
0.0
0.0
0.0
1.0
0.0
0.0
0.0
118.0
49.0
3.0
0.0
0.0
1.0
0.0
397.0
0.0
0.0
0.0
42.0
3.0
1.0
0.0
0.0
52.0
0.0
0.0
0.0
0.0
0.0
0.0
0.0
0.0
1.0
0.0
0.0
0.0
0.0
1.0
0.0
34.0
0.0
3.0
0.0
0.0
2.0
0.0
0.0
49.0
0.0
0.0
3.0
0.0
0.0
0.0
0.0
0.0
50.0
0.0
0.0
48.0
0.0
2.0
0.0
0.0
53.0
1.0
55.0
184.0
0.0
60.0
0.0
0.0
0.0
47.0
0.0
0.0
0.0
0.0
0.0
0.0
0.0
0.0
47.0
1.0
0.0
0.0
0.0
0.0
59.0
46.0
44.0
0.0
0.0
0.0
1000.0
56.0
0.0
0.0
0.0
4.0
53.0
2.0
0.0
52.0
0.0
34.0
0.0
0.0
0.0
0.0
0.0
0.0
0.0
2.0
44.0
0.0
0.0
0.0
0.0
413.0
0.0
1.0
0.0
0.0
0.0
3.0
0.0
8.0
6.0
2.0
0.0
0.0
0.0
39.0
0.0
0.0
0.0
0.0
0.0
0.0
37.0
0.0
0.0
0.0
35.0
410.0
1.0
0.0
0.0
0.0
0.0
0.0
0.0
0.0
0.0
0.0
0.0
0.0
52.0
37.0
0.0
0.0
0.0
0.0
7.0
41.0
0.0
0.0
0.0
42.0
0.0
0.0
0.0
0.0
0.0
264.0
0.0
56.0
0.0
0.0
0.0
54.0
0.0
2.0
0.0
0.0
0.0
0.0
59.0
0.0
1.0
0.0
0.0
0.0
0.0
0.0
0.0
0.0
55.0
0.0
49.0
0.0
0.0
0.0
0.0
0.0
0.0
0.0
0.0
1.0
0.0
52.0
0.0
0.0
0.0
0.0
1.0
0.0
0.0
0.0
0.0
42.0
6.0
1.0
0.0
0.0
0.0
0.0
0.0
0.0
0.0
0.0
56.0
0.0
0.0
0.0
1000.0
0.0
0.0
0.0
51.0
0.0
6.0
0.0
0.0
0.0
0.0
0.0
0.0
47.0
1.0
1.0
0.0
40.0
66.0
0.0
0.0
0.0
0.0
0.0
0.0
0.0
41.0
0.0
0.0
0.0
136.0
0.0
0.0
0.0
0.0
0.0
0.0
0.0
0.0
0.0
1.0
2.0
0.0
0.0
0.0
1.0
0.0
59.0
0.0
353.0
0.0
49.0
41.0
205.0
0.0
0.0
0.0
0.0
0.0
0.0
57.0
43.0
0.0
61.0
0.0
0.0
0.0
0.0
0.0
0.0
1.0
0.0
0.0
1.0
1.0
0.0
0.0
0.0
0.0
0.0
0.0
0.0
0.0
2.0
0.0
0.0
1000.0
0.0
0.0
0.0
0.0
0.0
0.0
0.0
1.0
0.0
0.0
0.0
36.0
0.0
0.0
3.0
0.0
51.0
0.0
60.0
0.0
0.0
0.0
0.0
0.0
0.0
1.0
0.0
0.0
51.0
0.0
1.0
0.0
0.0
46.0
0.0
0.0
0.0
0.0
0.0
4.0
47.0
0.0
35.0
0.0
56.0
0.0
0.0
0.0
0.0
0.0
51.0
0.0
0.0
0.0
0.0
0.0
0.0
0.0
62.0
42.0
22.0
0.0
0.0
0.0
0.0
0.0
0.0
0.0
0.0
0.0
0.0
0.0
0.0
0.0
0.0
2.0
0.0
0.0
0.0
0.0
2.0
55.0
0.0
52.0
44.0
374.0
0.0
65.0
0.0
0.0
1.0
43.0
0.0
0.0
0.0
0.0
0.0
0.0
0.0
0.0
75.0
0.0
42.0
0.0
0.0
0.0
0.0
0.0
49.0
0.0
0.0
0.0
0.0
0.0
0.0
60.0
1.0
1000.0
0.0
0.0
0.0
76.0
1.0
39.0
1.0
0.0
0.0
2.0
53.0
46.0
1.0
0.0
0.0
0.0
0.0
45.0
0.0
320.0
53.0
2.0
341.0
55.0
0.0
36.0
50.0
48.0
0.0
4.0
0.0
56.0
52.0
56.0
0.0
54.0
0.0
0.0
0.0
1.0
49.0
0.0
6.0
0.0
0.0
0.0
0.0
0.0
0.0
0.0
49.0
2.0
1000.0
0.0
0.0
1.0
0.0
0.0
0.0
52.0
0.0
0.0
38.0
0.0
49.0
0.0
0.0
0.0
0.0
0.0
0.0
10.0
56.0
0.0
1.0
0.0
12.0
0.0
54.0
0.0
9.0
0.0
0.0
0.0
0.0
0.0
43.0
1.0
0.0
0.0
0.0
0.0
0.0
0.0
39.0
0.0
0.0
37.0
0.0
5.0
1.0
1.0
0.0
0.0
46.0
0.0
0.0
0.0
0.0
0.0
45.0
0.0
12.0
0.0
0.0
52.0
0.0
0.0
49.0
519.0
0.0
47.0
55.0
8.0
0.0
4.0
49.0
0.0
0.0
0.0
0.0
15.0
0.0
0.0
0.0
0.0
2.0
0.0
50.0
0.0
0.0
19.0
0.0
0.0
0.0
0.0
0.0
2.0
0.0
0.0
0.0
0.0
49.0
1.0
0.0
0.0
0.0
5.0
6.0
0.0
0.0
184.0
0.0
0.0
0.0
0.0
0.0
55.0
2.0
40.0
0.0
0.0
0.0
0.0
43.0
0.0
0.0
0.0
0.0
0.0
0.0
0.0
0.0
0.0
0.0
55.0
344.0
41.0
0.0
11.0
0.0
0.0
1.0
0.0
0.0
0.0
0.0
0.0
0.0
0.0
0.0
47.0
0.0
2.0
0.0
60.0
0.0
1.0
0.0
2.0
0.0
0.0
0.0
0.0
0.0
0.0
0.0
3.0
3.0
1.0
0.0
0.0
0.0
0.0
2.0
0.0
0.0
0.0
0.0
0.0
45.0
0.0
0.0
51.0
60.0
0.0
0.0
0.0
0.0
45.0
0.0
0.0
0.0
1.0
0.0
43.0
0.0
1.0
0.0
0.0
62.0
2.0
0.0
0.0
44.0
12.0
0.0
3.0
59.0
0.0
7.0
0.0
0.0
53.0
2.0
169.0
0.0
0.0
0.0
0.0
433.0
0.0
0.0
0.0
1.0
0.0
0.0
6.0
5.0
58.0
42.0
0.0
42.0
0.0
1000.0
0.0
46.0
0.0
0.0
0.0
0.0
0.0
0.0
0.0
0.0
0.0
0.0
0.0
0.0
0.0
1.0
0.0
50.0
0.0
0.0
2.0
0.0
54.0
0.0
59.0
4.0
0.0
0.0
0.0
0.0
0.0
0.0
0.0
37.0
0.0
0.0
43.0
53.0
0.0
0.0
0.0
0.0
45.0
0.0
1.0
0.0
0.0
0.0
50.0
0.0
47.0
0.0
1.0
0.0
0.0
0.0
0.0
0.0
3.0
0.0
38.0
0.0
0.0
4.0
0.0
3.0
0.0
0.0
7.0
0.0
1.0
0.0
0.0
9.0
7.0
0.0
601.0
0.0
0.0
0.0
49.0
3.0
49.0
43.0
41.0
0.0
60.0
0.0
0.0
0.0
7.0
0.0
0.0
77.0
0.0
3.0
0.0
0.0
0.0
0.0
0.0
0.0
0.0
0.0
0.0
0.0
0.0
61.0
0.0
0.0
52.0
0.0
16.0
9.0
2.0
0.0
0.0
4.0
51.0
0.0
0.0
0.0
0.0
0.0
0.0
0.0
51.0
0.0
44.0
0.0
0.0
0.0
0.0
39.0
0.0
0.0
0.0
0.0
0.0
0.0
0.0
0.0
0.0
0.0
0.0
0.0
0.0
1.0
0.0
42.0
0.0
0.0
0.0
0.0
0.0
0.0
57.0
0.0
66.0
50.0
0.0
0.0
0.0
0.0
1000.0
0.0
4.0
0.0
0.0
0.0
0.0
0.0
0.0
0.0
0.0
2.0
1.0
4.0
0.0
0.0
0.0
1.0
4.0
0.0
0.0
3.0
39.0
1.0
0.0
0.0
1.0
0.0
0.0
41.0
0.0
0.0
0.0
0.0
0.0
0.0
0.0
0.0
0.0
1.0
0.0
0.0
0.0
0.0
0.0
0.0
0.0
0.0
58.0
589.0
0.0
52.0
0.0
51.0
39.0
1.0
1.0
38.0
0.0
9.0
0.0
0.0
0.0
0.0
0.0
0.0
0.0
0.0
0.0
0.0
0.0
0.0
159.0
0.0
0.0
0.0
0.0
0.0
0.0
0.0
0.0
52.0
0.0
0.0
41.0
42.0
0.0
0.0
0.0
3.0
385.0
0.0
423.0
0.0
0.0
0.0
0.0
0.0
0.0
0.0
3.0
0.0
0.0
0.0
56.0
0.0
45.0
0.0
0.0
0.0
0.0
0.0
0.0
0.0
36.0
0.0
0.0
18.0
52.0
0.0
0.0
0.0
0.0
0.0
0.0
0.0
0.0
0.0
0.0
0.0
0.0
46.0
49.0
0.0
0.0
0.0
36.0
0.0
0.0
0.0
0.0
0.0
0.0
0.0
0.0
40.0
1.0
1.0
0.0
0.0
0.0
0.0
4.0
0.0
0.0
0.0
0.0
43.0
474.0
0.0
0.0
812.0
0.0
5.0
233.0
0.0
0.0
41.0
389.0
37.0
2.0
60.0
1000.0
0.0
0.0
0.0
1.0
0.0
0.0
48.0
0.0
0.0
44.0
0.0
5.0
51.0
39.0
416.0
0.0
0.0
0.0
0.0
0.0
0.0
2.0
0.0
0.0
0.0
0.0
0.0
0.0
2.0
0.0
0.0
1.0
0.0
0.0
0.0
43.0
0.0
0.0
1.0
0.0
0.0
44.0
98.0
0.0
0.0
43.0
0.0
0.0
0.0
0.0
501.0
0.0
0.0
0.0
2.0
0.0
376.0
1.0
0.0
0.0
0.0
0.0
0.0
0.0
48.0
0.0
0.0
0.0
0.0
0.0
0.0
0.0
0.0
0.0
0.0
0.0
0.0
433.0
2.0
0.0
0.0
0.0
0.0
3.0
1000.0
0.0
1.0
0.0
0.0
0.0
53.0
0.0
57.0
0.0
0.0
0.0
2.0
42.0
0.0
25.0
0.0
0.0
0.0
0.0
0.0
3.0
0.0
0.0
0.0
0.0
52.0
0.0
0.0
0.0
0.0
58.0
490.0
3.0
8.0
0.0
0.0
0.0
0.0
0.0
0.0
0.0
66.0
4.0
72.0
1.0
0.0
2.0
0.0
0.0
1.0
5.0
15.0
0.0
0.0
0.0
0.0
62.0
48.0
0.0
172.0
0.0
0.0
0.0
0.0
0.0
0.0
406.0
0.0
56.0
0.0
9.0
58.0
0.0
382.0
1.0
0.0
0.0
0.0
0.0
30.0
1.0
0.0
56.0
0.0
0.0
56.0
1.0
49.0
0.0
0.0
0.0
43.0
3.0
0.0
52.0
0.0
0.0
0.0
0.0
40.0
50.0
0.0
0.0
4.0
0.0
0.0
0.0
0.0
64.0
0.0
0.0
0.0
0.0
0.0
0.0
0.0
0.0
0.0
0.0
0.0
38.0
515.0
0.0
0.0
0.0
0.0
430.0
0.0
31.0
0.0
0.0
0.0
0.0
0.0
0.0
44.0
43.0
0.0
0.0
4.0
0.0
0.0
1.0
0.0
0.0
0.0
0.0
8.0
0.0
63.0
48.0
0.0
0.0
50.0
0.0
0.0
2.0
0.0
0.0
0.0
0.0
6.0
3.0
38.0
1.0
0.0
0.0
0.0
0.0
66.0
0.0
0.0
1000.0
0.0
1.0
0.0
2.0
0.0
44.0
0.0
8.0
1.0
7.0
0.0
169.0
46.0
0.0
0.0
0.0
0.0
0.0
50.0
0.0
0.0
39.0
0.0
1.0
0.0
4.0
1.0
0.0
0.0
0.0
0.0
0.0
1.0
3.0
0.0
3.0
55.0
42.0
48.0
45.0
0.0
0.0
0.0
0.0
21.0
1000.0
0.0
111.0
0.0
431.0
54.0
0.0
0.0
12.0
0.0
47.0
0.0
1.0
0.0
0.0
0.0
50.0
694.0
0.0
0.0
16.0
0.0
56.0
0.0
0.0
12.0
0.0
0.0
0.0
0.0
0.0
3.0
46.0
0.0
0.0
4.0
0.0
0.0
0.0
0.0
0.0
0.0
1.0
0.0
0.0
54.0
0.0
0.0
0.0
0.0
1.0
0.0
0.0
342.0
0.0
0.0
119.0
0.0
0.0
0.0
0.0
0.0
0.0
0.0
0.0
14.0
2.0
49.0
50.0
0.0
0.0
0.0
0.0
50.0
0.0
0.0
0.0
0.0
0.0
0.0
914.0
0.0
0.0
0.0
0.0
0.0
55.0
0.0
0.0
0.0
0.0
1.0
0.0
52.0
0.0
6.0
48.0
0.0
0.0
0.0
0.0
0.0
1000.0
0.0
54.0
0.0
0.0
0.0
0.0
0.0
1.0
47.0
0.0
141.0
0.0
45.0
0.0
0.0
0.0
0.0
1.0
0.0
42.0
0.0
0.0
0.0
0.0
0.0
5.0
0.0
0.0
0.0
45.0
61.0
0.0
823.0
40.0
58.0
0.0
0.0
2.0
0.0
52.0
0.0
19.0
45.0
0.0
0.0
0.0
0.0
197.0
1.0
0.0
54.0
0.0
0.0
0.0
1.0
0.0
5.0
0.0
0.0
0.0
0.0
48.0
40.0
0.0
0.0
396.0
0.0
0.0
43.0
0.0
0.0
56.0
0.0
0.0
429.0
2.0
42.0
48.0
39.0
0.0
0.0
1.0
51.0
0.0
44.0
0.0
0.0
0.0
46.0
60.0
4.0
1.0
0.0
0.0
119.0
45.0
50.0
1.0
0.0
51.0
0.0
4.0
0.0
0.0
49.0
0.0
61.0
0.0
0.0
0.0
0.0
1.0
0.0
1.0
2.0
57.0
1.0
16.0
0.0
0.0
47.0
0.0
2.0
4.0
0.0
0.0
0.0
0.0
0.0
0.0
0.0
0.0
0.0
1.0
0.0
0.0
1.0
52.0
0.0
0.0
53.0
0.0
43.0
49.0
0.0
0.0
0.0
0.0
1.0
0.0
1.0
49.0
46.0
0.0
58.0
0.0
0.0
0.0
0.0
0.0
0.0
0.0
77.0
0.0
0.0
0.0
58.0
47.0
5.0
0.0
57.0
0.0
0.0
39.0
0.0
0.0
0.0
0.0
0.0
0.0
42.0
0.0
0.0
1.0
0.0
0.0
59.0
0.0
0.0
0.0
0.0
0.0
41.0
0.0
0.0
54.0
0.0
0.0
0.0
1.0
0.0
0.0
0.0
56.0
0.0
0.0
0.0
1.0
0.0
0.0
0.0
52.0
0.0
0.0
1.0
0.0
0.0
0.0
4.0
0.0
46.0
0.0
0.0
0.0
0.0
0.0
0.0
0.0
61.0
0.0
0.0
0.0
0.0
36.0
0.0
1.0
46.0
0.0
0.0
0.0
0.0
0.0
0.0
43.0
0.0
0.0
3.0
44.0
2.0
0.0
0.0
0.0
3.0
0.0
0.0
0.0
0.0
0.0
3.0
0.0
0.0
1.0
0.0
0.0
0.0
0.0
54.0
0.0
0.0
1.0
41.0
33.0
0.0
1.0
44.0
0.0
0.0
0.0
0.0
2.0
32.0
1.0
0.0
0.0
0.0
754.0
0.0
2.0
0.0
0.0
5.0
0.0
409.0
3.0
0.0
1.0
0.0
0.0
0.0
0.0
0.0
1000.0
55.0
0.0
0.0
0.0
137.0
57.0
0.0
0.0
2.0
40.0
0.0
3.0
0.0
44.0
0.0
0.0
45.0
0.0
50.0
3.0
51.0
0.0
0.0
0.0
0.0
49.0
54.0
0.0
0.0
42.0
0.0
62.0
1.0
0.0
12.0
0.0
0.0
5.0
0.0
0.0
51.0
1.0
0.0
1.0
0.0
1.0
0.0
2.0
0.0
0.0
0.0
0.0
0.0
0.0
0.0
0.0
0.0
0.0
33.0
0.0
0.0
0.0
0.0
1.0
332.0
0.0
41.0
0.0
2.0
0.0
8.0
0.0
0.0
0.0
0.0
0.0
90.0
1.0
0.0
47.0
0.0
0.0
0.0
0.0
43.0
0.0
0.0
0.0
0.0
0.0
0.0
0.0
0.0
0.0
41.0
0.0
0.0
0.0
50.0
0.0
43.0
0.0
51.0
40.0
0.0
0.0
0.0
0.0
0.0
0.0
0.0
0.0
5.0
8.0
0.0
0.0
0.0
0.0
4.0
4.0
0.0
0.0
0.0
0.0
0.0
0.0
54.0
0.0
0.0
0.0
1.0
1.0
0.0
0.0
44.0
0.0
0.0
0.0
1.0
0.0
37.0
154.0
0.0
0.0
0.0
44.0
306.0
0.0
1.0
0.0
0.0
0.0
0.0
0.0
52.0
1.0
0.0
0.0
0.0
499.0
1.0
0.0
0.0
1.0
0.0
0.0
43.0
0.0
0.0
0.0
0.0
2.0
0.0
0.0
0.0
0.0
0.0
0.0
182.0
1.0
0.0
1.0
0.0
0.0
0.0
0.0
0.0
0.0
0.0
56.0
0.0
53.0
512.0
0.0
0.0
3.0
37.0
0.0
0.0
15.0
14.0
0.0
0.0
0.0
38.0
0.0
2.0
0.0
0.0
42.0
0.0
0.0
47.0
62.0
0.0
0.0
0.0
0.0
47.0
0.0
0.0
10.0
0.0
1.0
0.0
0.0
0.0
56.0
0.0
0.0
14.0
0.0
0.0
0.0
0.0
0.0
9.0
2.0
1.0
0.0
0.0
0.0
0.0
2.0
0.0
0.0
0.0
0.0
0.0
0.0
4.0
39.0
0.0
54.0
0.0
1.0
0.0
2.0
54.0
6.0
0.0
45.0
0.0
47.0
48.0
0.0
69.0
0.0
0.0
1.0
0.0
0.0
0.0
0.0
0.0
12.0
0.0
0.0
413.0
1.0
0.0
0.0
0.0
0.0
0.0
1000.0
42.0
1.0
53.0
0.0
0.0
0.0
0.0
0.0
0.0
50.0
53.0
0.0
19.0
0.0
0.0
0.0
0.0
0.0
0.0
9.0
0.0
0.0
2.0
0.0
1.0
0.0
0.0
40.0
6.0
1.0
0.0
0.0
0.0
0.0
0.0
48.0
0.0
0.0
0.0
0.0
0.0
0.0
54.0
7.0
0.0
0.0
0.0
0.0
0.0
37.0
1.0
0.0
1.0
0.0
44.0
0.0
0.0
0.0
0.0
0.0
46.0
65.0
3.0
0.0
0.0
0.0
0.0
43.0
47.0
15.0
54.0
0.0
0.0
1.0
0.0
58.0
48.0
47.0
49.0
0.0
41.0
0.0
0.0
0.0
2.0
0.0
0.0
0.0
0.0
0.0
0.0
1.0
0.0
0.0
50.0
56.0
0.0
0.0
0.0
0.0
0.0
0.0
0.0
0.0
48.0
39.0
5.0
0.0
0.0
0.0
0.0
52.0
2.0
0.0
0.0
0.0
56.0
0.0
1.0
4.0
45.0
0.0
8.0
0.0
0.0
0.0
0.0
0.0
1.0
0.0
60.0
1.0
3.0
0.0
0.0
48.0
60.0
0.0
0.0
0.0
0.0
0.0
0.0
0.0
0.0
0.0
44.0
1.0
0.0
0.0
0.0
0.0
0.0
39.0
0.0
5.0
0.0
0.0
0.0
37.0
2.0
54.0
0.0
2.0
1.0
0.0
50.0
0.0
2.0
47.0
0.0
2.0
0.0
0.0
0.0
0.0
0.0
0.0
0.0
1.0
0.0
524.0
0.0
0.0
0.0
0.0
0.0
0.0
0.0
0.0
0.0
0.0
0.0
0.0
0.0
0.0
1.0
0.0
12.0
0.0
0.0
55.0
348.0
0.0
0.0
0.0
0.0
0.0
0.0
0.0
55.0
46.0
0.0
0.0
0.0
0.0
4.0
46.0
0.0
0.0
0.0
6.0
50.0
0.0
49.0
0.0
0.0
0.0
57.0
0.0
0.0
0.0
19.0
37.0
0.0
0.0
316.0
0.0
0.0
55.0
0.0
0.0
0.0
0.0
0.0
0.0
44.0
0.0
44.0
0.0
0.0
4.0
0.0
54.0
0.0
1.0
0.0
0.0
0.0
0.0
491.0
1.0
1.0
0.0
0.0
0.0
0.0
0.0
60.0
0.0
0.0
114.0
3.0
0.0
0.0
0.0
0.0
1.0
0.0
54.0
0.0
0.0
0.0
0.0
44.0
0.0
0.0
52.0
0.0
0.0
0.0
3.0
0.0
0.0
0.0
394.0
0.0
0.0
0.0
0.0
0.0
13.0
0.0
1.0
0.0
0.0
0.0
0.0
0.0
1.0
64.0
0.0
0.0
0.0
0.0
62.0
0.0
0.0
0.0
0.0
0.0
47.0
0.0
6.0
0.0
1.0
0.0
0.0
0.0
55.0
0.0
0.0
0.0
0.0
0.0
1.0
0.0
6.0
0.0
0.0
9.0
0.0
49.0
0.0
43.0
3.0
0.0
0.0
0.0
39.0
42.0
0.0
0.0
0.0
0.0
0.0
0.0
41.0
0.0
0.0
51.0
41.0
0.0
0.0
20.0
16.0
42.0
11.0
0.0
0.0
0.0
0.0
5.0
1.0
0.0
0.0
0.0
50.0
0.0
0.0
0.0
0.0
0.0
0.0
0.0
0.0
3.0
6.0
44.0
0.0
603.0
0.0
46.0
8.0
0.0
0.0
0.0
0.0
0.0
0.0
1.0
0.0
2.0
0.0
44.0
43.0
54.0
4.0
0.0
0.0
0.0
0.0
173.0
0.0
25.0
0.0
0.0
41.0
0.0
0.0
47.0
49.0
14.0
0.0
7.0
0.0
0.0
49.0
59.0
0.0
56.0
1.0
0.0
47.0
0.0
0.0
0.0
0.0
0.0
1.0
0.0
39.0
0.0
5.0
3.0
0.0
0.0
0.0
0.0
0.0
74.0
0.0
1000.0
0.0
52.0
0.0
0.0
49.0
0.0
0.0
0.0
0.0
0.0
0.0
0.0
49.0
0.0
0.0
0.0
167.0
0.0
0.0
50.0
0.0
0.0
2.0
0.0
0.0
51.0
0.0
64.0
1.0
0.0
0.0
59.0
48.0
5.0
0.0
0.0
19.0
0.0
1.0
1.0
0.0
291.0
0.0
47.0
0.0
0.0
0.0
1.0
0.0
2.0
27.0
911.0
0.0
0.0
45.0
2.0
1.0
47.0
0.0
0.0
0.0
0.0
0.0
0.0
0.0
0.0
50.0
1.0
0.0
0.0
0.0
0.0
50.0
0.0
0.0
0.0
66.0
0.0
7.0
0.0
0.0
0.0
5.0
1.0
43.0
3.0
0.0
43.0
52.0
7.0
0.0
751.0
50.0
0.0
0.0
0.0
0.0
1000.0
1.0
0.0
407.0
25.0
47.0
0.0
0.0
0.0
57.0
0.0
1.0
23.0
0.0
0.0
0.0
0.0
0.0
0.0
0.0
0.0
0.0
18.0
0.0
0.0
0.0
43.0
0.0
0.0
46.0
50.0
59.0
0.0
41.0
40.0
0.0
0.0
0.0
0.0
1.0
49.0
7.0
2.0
0.0
0.0
0.0
623.0
0.0
0.0
50.0
46.0
52.0
0.0
0.0
0.0
0.0
57.0
0.0
46.0
0.0
1.0
0.0
13.0
54.0
0.0
41.0
0.0
0.0
46.0
0.0
2.0
0.0
0.0
0.0
44.0
812.0
48.0
0.0
0.0
0.0
0.0
0.0
0.0
0.0
1.0
0.0
0.0
0.0
62.0
4.0
0.0
44.0
0.0
0.0
0.0
0.0
0.0
0.0
0.0
40.0
0.0
0.0
0.0
0.0
0.0
0.0
0.0
4.0
0.0
0.0
0.0
0.0
0.0
0.0
0.0
0.0
0.0
0.0
1.0
0.0
2.0
0.0
0.0
1.0
0.0
0.0
1.0
0.0
0.0
0.0
0.0
437.0
0.0
0.0
49.0
60.0
0.0
0.0
0.0
2.0
48.0
54.0
57.0
50.0
0.0
0.0
45.0
0.0
1.0
0.0
43.0
41.0
0.0
0.0
0.0
0.0
54.0
0.0
0.0
0.0
0.0
0.0
0.0
0.0
0.0
1.0
179.0
60.0
0.0
0.0
0.0
44.0
0.0
0.0
1.0
0.0
0.0
43.0
0.0
0.0
5.0
0.0
0.0
42.0
164.0
39.0
0.0
0.0
0.0
1.0
0.0
0.0
35.0
0.0
0.0
0.0
0.0
106.0
41.0
0.0
0.0
51.0
4.0
0.0
0.0
0.0
1.0
0.0
1.0
1.0
0.0
0.0
0.0
0.0
0.0
0.0
8.0
1.0
2.0
0.0
46.0
0.0
0.0
0.0
0.0
0.0
0.0
0.0
0.0
0.0
45.0
62.0
0.0
0.0
44.0
0.0
0.0
50.0
0.0
1.0
65.0
0.0
31.0
0.0
0.0
0.0
1.0
0.0
25.0
59.0
0.0
0.0
0.0
52.0
0.0
0.0
43.0
0.0
0.0
365.0
0.0
444.0
48.0
1.0
0.0
0.0
5.0
0.0
0.0
65.0
0.0
0.0
0.0
51.0
0.0
0.0
0.0
0.0
0.0
366.0
5.0
3.0
44.0
0.0
2.0
0.0
403.0
1.0
57.0
50.0
3.0
0.0
0.0
0.0
0.0
0.0
0.0
0.0
0.0
0.0
0.0
1.0
0.0
51.0
0.0
1.0
1.0
49.0
59.0
0.0
0.0
184.0
0.0
0.0
3.0
1.0
46.0
61.0
0.0
0.0
0.0
0.0
0.0
0.0
0.0
0.0
0.0
0.0
3.0
0.0
0.0
0.0
0.0
2.0
0.0
0.0
53.0
34.0
1.0
0.0
0.0
45.0
56.0
0.0
0.0
0.0
0.0
0.0
46.0
1.0
0.0
0.0
0.0
0.0
0.0
2.0
0.0
0.0
0.0
0.0
45.0
0.0
56.0
8.0
0.0
0.0
0.0
0.0
41.0
0.0
4.0
1.0
0.0
40.0
0.0
52.0
0.0
5.0
0.0
22.0
0.0
0.0
0.0
1000.0
1000.0
0.0
0.0
0.0
0.0
0.0
48.0
7.0
0.0
0.0
2.0
0.0
43.0
43.0
0.0
0.0
0.0
0.0
5.0
0.0
70.0
0.0
3.0
0.0
4.0
0.0
0.0
0.0
0.0
54.0
1.0
5.0
0.0
3.0
45.0
47.0
338.0
0.0
0.0
0.0
0.0
0.0
30.0
0.0
0.0
4.0
0.0
2.0
0.0
5.0
0.0
377.0
1.0
0.0
50.0
0.0
0.0
43.0
0.0
0.0
0.0
2.0
0.0
0.0
0.0
0.0
0.0
0.0
0.0
0.0
1.0
0.0
0.0
51.0
49.0
0.0
0.0
0.0
39.0
0.0
0.0
0.0
0.0
0.0
0.0
1.0
0.0
0.0
0.0
42.0
44.0
0.0
0.0
0.0
52.0
0.0
0.0
0.0
1.0
42.0
3.0
0.0
0.0
64.0
2.0
0.0
0.0
15.0
4.0
0.0
0.0
0.0
78.0
59.0
58.0
1.0
0.0
61.0
0.0
43.0
0.0
0.0
1.0
0.0
0.0
37.0
3.0
0.0
0.0
0.0
0.0
1.0
60.0
0.0
3.0
0.0
0.0
0.0
1.0
0.0
47.0
0.0
81.0
1.0
0.0
0.0
2.0
0.0
0.0
0.0
49.0
0.0
54.0
2.0
0.0
0.0
2.0
0.0
0.0
0.0
69.0
0.0
2.0
0.0
0.0
7.0
0.0
0.0
0.0
0.0
0.0
0.0
0.0
0.0
0.0
0.0
0.0
0.0
0.0
634.0
1.0
397.0
3.0
0.0
0.0
0.0
1.0
0.0
0.0
0.0
0.0
0.0
6.0
0.0
0.0
0.0
45.0
39.0
0.0
0.0
0.0
0.0
44.0
47.0
0.0
1.0
0.0
0.0
50.0
0.0
23.0
0.0
0.0
0.0
42.0
0.0
0.0
0.0
0.0
1.0
0.0
0.0
11.0
0.0
0.0
1.0
0.0
52.0
45.0
47.0
35.0
10.0
4.0
1.0
44.0
0.0
0.0
6.0
43.0
0.0
0.0
2.0
0.0
0.0
0.0
11.0
57.0
56.0
0.0
0.0
0.0
0.0
4.0
0.0
51.0
47.0
0.0
52.0
47.0
378.0
0.0
0.0
0.0
0.0
0.0
51.0
0.0
0.0
52.0
54.0
3.0
0.0
2.0
0.0
0.0
0.0
0.0
7.0
0.0
0.0
24.0
0.0
0.0
47.0
0.0
0.0
0.0
0.0
0.0
32.0
4.0
0.0
0.0
0.0
399.0
38.0
0.0
0.0
0.0
47.0
0.0
0.0
0.0
0.0
0.0
0.0
1.0
0.0
0.0
18.0
0.0
0.0
0.0
0.0
4.0
0.0
6.0
3.0
0.0
0.0
0.0
0.0
0.0
0.0
5.0
0.0
0.0
0.0
0.0
0.0
0.0
61.0
44.0
0.0
0.0
0.0
1.0
47.0
420.0
0.0
0.0
0.0
0.0
0.0
0.0
1.0
0.0
8.0
1.0
0.0
0.0
0.0
142.0
0.0
0.0
22.0
0.0
1.0
0.0
0.0
0.0
34.0
0.0
56.0
0.0
0.0
836.0
0.0
0.0
0.0
5.0
0.0
1.0
48.0
0.0
0.0
0.0
0.0
0.0
0.0
0.0
51.0
0.0
61.0
0.0
0.0
415.0
16.0
0.0
0.0
0.0
0.0
6.0
50.0
0.0
0.0
18.0
21.0
1.0
0.0
3.0
50.0
1.0
51.0
0.0
66.0
4.0
41.0
0.0
0.0
0.0
0.0
0.0
0.0
48.0
0.0
0.0
1.0
0.0
0.0
0.0
0.0
5.0
0.0
0.0
0.0
57.0
51.0
61.0
0.0
2.0
0.0
0.0
0.0
38.0
0.0
0.0
0.0
0.0
2.0
0.0
0.0
49.0
0.0
41.0
0.0
0.0
0.0
0.0
2.0
207.0
39.0
0.0
1.0
0.0
0.0
0.0
0.0
0.0
0.0
36.0
0.0
0.0
2.0
0.0
0.0
0.0
0.0
52.0
0.0
0.0
0.0
0.0
49.0
0.0
0.0
0.0
0.0
0.0
0.0
47.0
48.0
46.0
0.0
0.0
0.0
0.0
0.0
0.0
0.0
0.0
7.0
0.0
1.0
0.0
0.0
0.0
0.0
0.0
11.0
0.0
57.0
0.0
0.0
0.0
0.0
0.0
0.0
6.0
0.0
0.0
0.0
55.0
23.0
0.0
60.0
0.0
0.0
57.0
2.0
48.0
0.0
0.0
0.0
3.0
14.0
3.0
0.0
0.0
0.0
0.0
0.0
163.0
51.0
1.0
0.0
50.0
0.0
53.0
0.0
0.0
0.0
0.0
0.0
0.0
0.0
57.0
0.0
0.0
0.0
0.0
0.0
0.0
0.0
50.0
0.0
76.0
0.0
0.0
57.0
37.0
0.0
0.0
0.0
0.0
0.0
1.0
49.0
51.0
0.0
0.0
0.0
0.0
47.0
3.0
416.0
0.0
0.0
0.0
0.0
48.0
30.0
3.0
48.0
1.0
0.0
0.0
0.0
4.0
0.0
0.0
0.0
54.0
0.0
127.0
0.0
0.0
1.0
3.0
0.0
0.0
0.0
0.0
0.0
0.0
46.0
136.0
0.0
0.0
1.0
0.0
0.0
4.0
0.0
119.0
0.0
955.0
0.0
0.0
4.0
0.0
0.0
0.0
9.0
0.0
1.0
0.0
0.0
9.0
0.0
0.0
0.0
9.0
53.0
0.0
0.0
0.0
1.0
0.0
2.0
1.0
0.0
0.0
0.0
10.0
8.0
0.0
0.0
77.0
385.0
0.0
0.0
0.0
0.0
0.0
46.0
1.0
0.0
45.0
0.0
0.0
0.0
0.0
50.0
262.0
0.0
0.0
0.0
50.0
0.0
5.0
1.0
0.0
0.0
42.0
49.0
41.0
64.0
0.0
0.0
0.0
0.0
3.0
0.0
43.0
0.0
0.0
0.0
0.0
0.0
0.0
5.0
0.0
43.0
0.0
470.0
0.0
49.0
477.0
4.0
55.0
0.0
0.0
67.0
0.0
0.0
58.0
71.0
51.0
0.0
1.0
8.0
0.0
55.0
0.0
401.0
0.0
49.0
0.0
1.0
3.0
0.0
45.0
1.0
0.0
0.0
354.0
45.0
0.0
0.0
49.0
0.0
3.0
44.0
0.0
0.0
34.0
0.0
47.0
56.0
0.0
45.0
0.0
58.0
0.0
0.0
0.0
0.0
0.0
47.0
1.0
15.0
0.0
43.0
63.0
53.0
30.0
0.0
0.0
0.0
0.0
0.0
43.0
0.0
556.0
0.0
0.0
0.0
0.0
0.0
0.0
0.0
0.0
0.0
0.0
6.0
0.0
0.0
0.0
0.0
280.0
114.0
49.0
0.0
[[9.73955265e-01 1.31142358e-02 3.50081985e-03 9.42967977e-03]
 [3.44911337e-01 6.54082579e-01 6.39222763e-04 3.66861157e-04]
 [1.08876252e-01 4.26939354e-03 8.65215221e-01 2.16391336e-02]
 [2.18365988e-01 2.21204861e-02 4.08444021e-03 7.55429086e-01]]
