0.0
3.0
0.0
0.0
0.0
0.0
0.0
1.0
0.0
0.0
0.0
0.0
0.0
2.0
0.0
0.0
0.0
0.0
0.0
3.0
7.0
0.0
0.0
0.0
0.0
0.0
3.0
0.0
6.0
0.0
0.0
0.0
0.0
23.0
0.0
1000.0
0.0
0.0
0.0
27.0
0.0
0.0
28.0
0.0
0.0
1.0
0.0
605.0
0.0
1.0
0.0
0.0
1.0
0.0
2.0
200.0
23.0
2.0
0.0
0.0
0.0
35.0
0.0
4.0
0.0
0.0
2.0
0.0
1.0
0.0
0.0
30.0
2.0
0.0
0.0
30.0
0.0
0.0
2.0
0.0
0.0
1000.0
2.0
153.0
0.0
20.0
0.0
0.0
28.0
1.0
11.0
2.0
1.0
0.0
0.0
0.0
0.0
0.0
14.0
0.0
579.0
0.0
0.0
0.0
0.0
0.0
0.0
40.0
2.0
0.0
0.0
0.0
0.0
0.0
16.0
0.0
0.0
0.0
0.0
0.0
2.0
0.0
2.0
0.0
1000.0
31.0
0.0
0.0
0.0
0.0
29.0
0.0
2.0
0.0
0.0
38.0
0.0
0.0
2.0
4.0
0.0
39.0
0.0
0.0
0.0
0.0
0.0
2.0
0.0
0.0
1000.0
0.0
0.0
33.0
13.0
0.0
0.0
0.0
0.0
0.0
0.0
0.0
0.0
0.0
2.0
0.0
40.0
0.0
0.0
0.0
0.0
26.0
1.0
0.0
0.0
3.0
0.0
0.0
0.0
0.0
0.0
0.0
0.0
1.0
1000.0
0.0
0.0
0.0
0.0
0.0
0.0
0.0
0.0
0.0
0.0
33.0
0.0
0.0
0.0
0.0
1.0
1.0
0.0
25.0
1000.0
38.0
0.0
4.0
0.0
0.0
0.0
0.0
0.0
0.0
5.0
0.0
0.0
0.0
4.0
24.0
0.0
0.0
0.0
0.0
0.0
0.0
2.0
0.0
0.0
0.0
0.0
1.0
32.0
0.0
3.0
0.0
0.0
42.0
0.0
0.0
179.0
0.0
0.0
0.0
0.0
0.0
0.0
0.0
2.0
4.0
0.0
0.0
3.0
0.0
0.0
0.0
0.0
0.0
1.0
0.0
26.0
0.0
0.0
0.0
0.0
0.0
0.0
0.0
2.0
0.0
0.0
0.0
0.0
0.0
0.0
243.0
3.0
0.0
9.0
0.0
32.0
0.0
0.0
0.0
0.0
0.0
0.0
28.0
0.0
0.0
2.0
0.0
0.0
0.0
0.0
787.0
0.0
0.0
0.0
0.0
0.0
0.0
28.0
0.0
1.0
0.0
4.0
0.0
39.0
0.0
0.0
0.0
3.0
0.0
0.0
0.0
0.0
0.0
0.0
0.0
0.0
0.0
0.0
0.0
0.0
0.0
0.0
169.0
0.0
0.0
0.0
1.0
0.0
40.0
0.0
0.0
0.0
33.0
0.0
0.0
2.0
0.0
0.0
0.0
0.0
1.0
0.0
0.0
0.0
0.0
0.0
0.0
0.0
2.0
0.0
0.0
0.0
0.0
722.0
0.0
0.0
0.0
2.0
1.0
27.0
0.0
0.0
31.0
0.0
2.0
2.0
0.0
0.0
0.0
5.0
1.0
0.0
30.0
0.0
121.0
0.0
1.0
3.0
31.0
0.0
0.0
0.0
0.0
0.0
0.0
0.0
0.0
0.0
7.0
1.0
40.0
0.0
0.0
1000.0
2.0
0.0
0.0
0.0
0.0
0.0
0.0
23.0
2.0
3.0
0.0
0.0
0.0
34.0
0.0
0.0
0.0
0.0
48.0
0.0
0.0
0.0
27.0
0.0
0.0
0.0
0.0
32.0
0.0
0.0
0.0
0.0
0.0
0.0
0.0
0.0
0.0
158.0
0.0
0.0
0.0
0.0
0.0
0.0
0.0
40.0
0.0
28.0
0.0
0.0
2.0
0.0
37.0
0.0
2.0
0.0
0.0
0.0
29.0
0.0
0.0
2.0
0.0
0.0
1.0
0.0
0.0
33.0
0.0
0.0
32.0
0.0
0.0
0.0
3.0
0.0
1000.0
0.0
0.0
28.0
0.0
0.0
0.0
0.0
0.0
3.0
0.0
0.0
0.0
1.0
61.0
1.0
2.0
0.0
0.0
32.0
0.0
0.0
0.0
29.0
0.0
0.0
0.0
2.0
0.0
0.0
12.0
0.0
0.0
0.0
0.0
214.0
0.0
0.0
0.0
6.0
0.0
0.0
0.0
0.0
0.0
2.0
1.0
0.0
0.0
1.0
27.0
0.0
0.0
0.0
0.0
1000.0
0.0
1.0
0.0
3.0
0.0
0.0
0.0
0.0
0.0
0.0
0.0
34.0
0.0
0.0
4.0
2.0
0.0
0.0
0.0
34.0
33.0
1.0
0.0
0.0
0.0
1.0
0.0
0.0
0.0
40.0
0.0
0.0
0.0
10.0
0.0
0.0
0.0
0.0
0.0
0.0
1.0
0.0
0.0
0.0
0.0
0.0
36.0
0.0
0.0
0.0
0.0
3.0
0.0
0.0
0.0
0.0
35.0
0.0
1.0
0.0
0.0
1.0
2.0
0.0
0.0
0.0
2.0
29.0
0.0
0.0
0.0
31.0
0.0
0.0
3.0
0.0
1.0
0.0
0.0
0.0
32.0
22.0
0.0
1.0
0.0
0.0
0.0
7.0
993.0
0.0
811.0
0.0
1000.0
0.0
0.0
27.0
0.0
0.0
0.0
0.0
0.0
26.0
0.0
43.0
1.0
0.0
3.0
3.0
0.0
0.0
27.0
0.0
2.0
0.0
0.0
36.0
0.0
0.0
0.0
1.0
3.0
3.0
0.0
0.0
0.0
28.0
0.0
0.0
7.0
0.0
0.0
0.0
0.0
1.0
0.0
0.0
0.0
3.0
29.0
0.0
6.0
0.0
0.0
0.0
0.0
0.0
0.0
0.0
0.0
0.0
0.0
0.0
0.0
0.0
26.0
0.0
0.0
0.0
0.0
0.0
0.0
0.0
33.0
0.0
0.0
1.0
0.0
0.0
32.0
0.0
0.0
2.0
8.0
0.0
0.0
24.0
0.0
1.0
0.0
0.0
0.0
0.0
0.0
0.0
1.0
0.0
0.0
2.0
0.0
622.0
0.0
7.0
0.0
3.0
0.0
0.0
0.0
0.0
2.0
0.0
0.0
25.0
0.0
32.0
0.0
3.0
0.0
2.0
3.0
30.0
0.0
0.0
0.0
0.0
0.0
4.0
32.0
1.0
0.0
2.0
0.0
0.0
0.0
1000.0
0.0
4.0
0.0
0.0
28.0
36.0
0.0
1.0
37.0
0.0
0.0
0.0
0.0
0.0
0.0
0.0
0.0
26.0
21.0
0.0
154.0
45.0
0.0
0.0
0.0
0.0
2.0
0.0
33.0
0.0
0.0
0.0
0.0
1.0
0.0
0.0
0.0
0.0
0.0
0.0
0.0
0.0
0.0
43.0
4.0
0.0
0.0
0.0
2.0
44.0
0.0
0.0
0.0
31.0
0.0
1.0
27.0
0.0
0.0
0.0
1000.0
0.0
33.0
1.0
0.0
0.0
34.0
1.0
0.0
29.0
0.0
0.0
0.0
27.0
41.0
0.0
0.0
2.0
28.0
0.0
1.0
4.0
0.0
0.0
0.0
0.0
0.0
0.0
10.0
0.0
1.0
2.0
1.0
128.0
0.0
42.0
1.0
0.0
0.0
0.0
0.0
0.0
0.0
0.0
0.0
0.0
0.0
0.0
21.0
0.0
0.0
0.0
0.0
2.0
0.0
0.0
0.0
39.0
0.0
0.0
38.0
0.0
0.0
0.0
0.0
0.0
0.0
0.0
0.0
0.0
0.0
2.0
0.0
0.0
0.0
1.0
0.0
0.0
1.0
0.0
0.0
0.0
0.0
0.0
0.0
0.0
0.0
0.0
0.0
0.0
3.0
5.0
0.0
0.0
1.0
1000.0
0.0
0.0
24.0
0.0
0.0
0.0
197.0
22.0
25.0
0.0
0.0
0.0
0.0
0.0
0.0
0.0
0.0
1.0
0.0
29.0
0.0
0.0
0.0
0.0
0.0
0.0
0.0
3.0
0.0
0.0
0.0
1.0
0.0
0.0
1.0
0.0
0.0
0.0
0.0
0.0
4.0
0.0
0.0
0.0
0.0
0.0
0.0
0.0
0.0
0.0
4.0
2.0
0.0
0.0
0.0
25.0
3.0
0.0
0.0
0.0
0.0
0.0
0.0
26.0
34.0
0.0
4.0
0.0
24.0
0.0
0.0
0.0
7.0
0.0
0.0
0.0
0.0
0.0
0.0
0.0
4.0
8.0
0.0
0.0
2.0
0.0
0.0
1.0
0.0
0.0
0.0
0.0
20.0
2.0
0.0
0.0
0.0
1.0
1.0
0.0
1.0
37.0
0.0
393.0
0.0
0.0
24.0
1.0
1.0
0.0
2.0
0.0
0.0
1000.0
0.0
25.0
22.0
0.0
162.0
0.0
0.0
776.0
3.0
0.0
165.0
0.0
21.0
1.0
0.0
28.0
0.0
0.0
0.0
10.0
0.0
0.0
0.0
0.0
2.0
0.0
0.0
0.0
0.0
0.0
0.0
0.0
6.0
1.0
0.0
0.0
0.0
0.0
0.0
0.0
0.0
3.0
0.0
0.0
3.0
0.0
29.0
0.0
0.0
0.0
30.0
0.0
0.0
2.0
0.0
0.0
0.0
0.0
0.0
0.0
0.0
0.0
0.0
1.0
0.0
0.0
0.0
0.0
0.0
0.0
49.0
0.0
0.0
1.0
1000.0
0.0
2.0
0.0
0.0
0.0
14.0
0.0
8.0
0.0
0.0
2.0
0.0
0.0
0.0
0.0
30.0
36.0
27.0
1.0
0.0
23.0
0.0
0.0
0.0
0.0
0.0
0.0
1.0
0.0
0.0
0.0
0.0
0.0
120.0
2.0
0.0
0.0
0.0
3.0
0.0
0.0
0.0
0.0
25.0
2.0
0.0
1.0
0.0
0.0
0.0
14.0
0.0
0.0
0.0
0.0
0.0
0.0
0.0
0.0
0.0
0.0
0.0
0.0
0.0
0.0
0.0
0.0
0.0
0.0
0.0
0.0
0.0
5.0
0.0
30.0
0.0
0.0
0.0
0.0
0.0
24.0
0.0
0.0
0.0
0.0
0.0
2.0
0.0
0.0
0.0
0.0
0.0
0.0
0.0
0.0
0.0
171.0
0.0
0.0
486.0
140.0
31.0
0.0
0.0
0.0
1000.0
0.0
26.0
19.0
0.0
0.0
0.0
31.0
0.0
121.0
26.0
1.0
0.0
0.0
0.0
2.0
24.0
0.0
0.0
0.0
0.0
0.0
1000.0
1.0
0.0
0.0
0.0
0.0
0.0
5.0
0.0
0.0
0.0
1.0
0.0
0.0
0.0
12.0
0.0
0.0
0.0
0.0
1.0
0.0
0.0
0.0
0.0
0.0
21.0
0.0
0.0
161.0
0.0
0.0
29.0
29.0
0.0
0.0
2.0
26.0
0.0
0.0
0.0
0.0
0.0
0.0
272.0
0.0
2.0
0.0
31.0
0.0
0.0
3.0
0.0
0.0
33.0
0.0
0.0
0.0
0.0
0.0
0.0
3.0
0.0
0.0
1.0
0.0
0.0
0.0
0.0
30.0
0.0
0.0
1000.0
0.0
0.0
0.0
0.0
0.0
1.0
0.0
0.0
0.0
21.0
0.0
1000.0
35.0
0.0
3.0
0.0
4.0
0.0
0.0
0.0
0.0
0.0
0.0
0.0
0.0
0.0
0.0
0.0
0.0
0.0
0.0
0.0
0.0
0.0
21.0
0.0
0.0
4.0
0.0
0.0
0.0
0.0
0.0
0.0
3.0
0.0
32.0
0.0
0.0
0.0
0.0
0.0
20.0
0.0
0.0
0.0
1.0
0.0
0.0
0.0
2.0
3.0
1.0
0.0
30.0
0.0
0.0
4.0
31.0
0.0
1000.0
813.0
0.0
1000.0
0.0
0.0
0.0
0.0
24.0
0.0
0.0
0.0
0.0
0.0
0.0
0.0
5.0
0.0
30.0
141.0
0.0
0.0
0.0
2.0
0.0
0.0
177.0
0.0
26.0
30.0
0.0
0.0
0.0
0.0
0.0
0.0
0.0
0.0
25.0
12.0
0.0
4.0
0.0
32.0
2.0
0.0
20.0
0.0
1.0
0.0
27.0
32.0
0.0
0.0
0.0
0.0
1.0
0.0
0.0
26.0
23.0
0.0
0.0
0.0
0.0
0.0
32.0
0.0
0.0
0.0
0.0
0.0
0.0
4.0
0.0
0.0
1.0
0.0
23.0
0.0
0.0
0.0
0.0
0.0
0.0
0.0
0.0
166.0
0.0
1.0
0.0
0.0
0.0
0.0
0.0
18.0
0.0
2.0
0.0
0.0
25.0
0.0
0.0
0.0
0.0
0.0
0.0
0.0
0.0
999.0
0.0
0.0
0.0
0.0
0.0
42.0
0.0
0.0
0.0
0.0
45.0
2.0
754.0
29.0
0.0
0.0
0.0
0.0
0.0
0.0
1.0
329.0
0.0
0.0
0.0
0.0
0.0
0.0
2.0
0.0
0.0
33.0
0.0
0.0
0.0
0.0
0.0
0.0
0.0
24.0
0.0
23.0
0.0
0.0
0.0
0.0
0.0
3.0
1000.0
0.0
0.0
10.0
0.0
0.0
0.0
1.0
3.0
0.0
0.0
0.0
36.0
183.0
0.0
0.0
0.0
0.0
0.0
0.0
0.0
37.0
0.0
0.0
0.0
0.0
0.0
0.0
0.0
0.0
0.0
0.0
3.0
31.0
0.0
0.0
0.0
0.0
34.0
3.0
0.0
0.0
0.0
0.0
5.0
25.0
5.0
0.0
0.0
0.0
0.0
0.0
0.0
0.0
0.0
0.0
30.0
0.0
40.0
0.0
1.0
29.0
1.0
996.0
1.0
0.0
0.0
0.0
28.0
0.0
0.0
0.0
0.0
2.0
0.0
0.0
0.0
0.0
0.0
0.0
0.0
0.0
3.0
0.0
0.0
0.0
0.0
0.0
0.0
0.0
0.0
0.0
0.0
0.0
0.0
0.0
0.0
0.0
0.0
26.0
29.0
0.0
0.0
0.0
0.0
2.0
0.0
0.0
0.0
0.0
0.0
0.0
0.0
0.0
2.0
0.0
0.0
0.0
0.0
0.0
2.0
1.0
0.0
0.0
0.0
7.0
0.0
0.0
1000.0
0.0
0.0
0.0
2.0
2.0
0.0
0.0
0.0
0.0
21.0
0.0
0.0
0.0
6.0
1.0
0.0
0.0
0.0
4.0
1.0
0.0
0.0
0.0
23.0
0.0
0.0
0.0
0.0
1.0
0.0
33.0
0.0
0.0
0.0
0.0
0.0
0.0
0.0
0.0
1.0
0.0
0.0
0.0
1000.0
1.0
0.0
0.0
0.0
0.0
0.0
0.0
3.0
0.0
0.0
0.0
0.0
36.0
1.0
0.0
0.0
0.0
0.0
0.0
0.0
21.0
3.0
0.0
0.0
31.0
0.0
0.0
0.0
1.0
0.0
3.0
0.0
0.0
0.0
0.0
0.0
0.0
0.0
0.0
30.0
7.0
0.0
0.0
28.0
0.0
0.0
0.0
0.0
0.0
0.0
0.0
0.0
0.0
0.0
0.0
0.0
4.0
0.0
0.0
5.0
422.0
1.0
0.0
0.0
0.0
0.0
0.0
29.0
0.0
0.0
3.0
0.0
0.0
0.0
5.0
0.0
0.0
133.0
0.0
0.0
0.0
0.0
0.0
0.0
0.0
0.0
0.0
0.0
0.0
0.0
0.0
0.0
34.0
0.0
0.0
1000.0
0.0
0.0
0.0
37.0
0.0
0.0
2.0
0.0
0.0
0.0
0.0
0.0
4.0
27.0
0.0
1.0
0.0
0.0
27.0
1.0
27.0
0.0
0.0
687.0
0.0
3.0
37.0
0.0
3.0
0.0
0.0
0.0
0.0
0.0
2.0
0.0
1000.0
0.0
0.0
9.0
0.0
32.0
1000.0
1000.0
0.0
0.0
0.0
0.0
32.0
0.0
1000.0
0.0
29.0
0.0
0.0
0.0
996.0
32.0
0.0
2.0
26.0
0.0
0.0
0.0
26.0
33.0
34.0
0.0
0.0
0.0
0.0
0.0
0.0
0.0
16.0
0.0
4.0
0.0
3.0
28.0
0.0
1.0
0.0
0.0
4.0
1.0
0.0
0.0
0.0
3.0
3.0
0.0
0.0
7.0
0.0
0.0
0.0
0.0
0.0
0.0
0.0
0.0
0.0
1000.0
0.0
2.0
0.0
0.0
31.0
1.0
1.0
1.0
2.0
0.0
0.0
0.0
0.0
0.0
0.0
35.0
0.0
1.0
0.0
0.0
0.0
0.0
2.0
26.0
0.0
0.0
0.0
0.0
0.0
36.0
0.0
2.0
0.0
0.0
30.0
1000.0
0.0
0.0
0.0
0.0
1.0
6.0
0.0
0.0
0.0
0.0
0.0
0.0
0.0
0.0
0.0
0.0
28.0
3.0
2.0
0.0
0.0
0.0
0.0
0.0
0.0
0.0
44.0
0.0
24.0
0.0
0.0
0.0
1.0
0.0
0.0
0.0
0.0
0.0
0.0
0.0
0.0
0.0
0.0
43.0
0.0
0.0
0.0
0.0
0.0
23.0
26.0
0.0
0.0
0.0
0.0
0.0
0.0
0.0
3.0
0.0
4.0
0.0
0.0
0.0
0.0
1.0
1000.0
0.0
3.0
1.0
0.0
0.0
0.0
0.0
0.0
0.0
0.0
0.0
23.0
0.0
7.0
27.0
6.0
0.0
0.0
0.0
0.0
0.0
0.0
0.0
787.0
2.0
0.0
36.0
0.0
1.0
0.0
18.0
0.0
3.0
0.0
0.0
0.0
0.0
1000.0
0.0
0.0
0.0
0.0
34.0
0.0
2.0
0.0
0.0
0.0
24.0
4.0
1.0
0.0
0.0
2.0
0.0
0.0
0.0
0.0
0.0
0.0
0.0
0.0
0.0
0.0
0.0
0.0
1000.0
0.0
0.0
0.0
1000.0
0.0
34.0
0.0
0.0
0.0
2.0
27.0
1000.0
0.0
0.0
0.0
0.0
0.0
0.0
0.0
0.0
0.0
29.0
0.0
1.0
0.0
0.0
0.0
0.0
0.0
0.0
0.0
0.0
0.0
1.0
0.0
0.0
1000.0
0.0
0.0
0.0
0.0
1.0
1.0
0.0
0.0
2.0
0.0
0.0
2.0
0.0
0.0
0.0
3.0
0.0
0.0
1.0
0.0
0.0
0.0
0.0
0.0
0.0
0.0
30.0
0.0
0.0
0.0
0.0
0.0
30.0
0.0
0.0
0.0
56.0
0.0
0.0
0.0
0.0
0.0
1.0
0.0
0.0
0.0
0.0
0.0
0.0
3.0
0.0
0.0
0.0
3.0
27.0
0.0
3.0
3.0
0.0
0.0
1.0
0.0
0.0
1.0
0.0
0.0
1.0
0.0
0.0
0.0
0.0
43.0
1.0
0.0
34.0
0.0
0.0
0.0
0.0
0.0
0.0
0.0
0.0
1.0
0.0
0.0
0.0
0.0
0.0
0.0
1000.0
0.0
0.0
0.0
0.0
0.0
0.0
32.0
0.0
0.0
0.0
0.0
0.0
0.0
29.0
0.0
0.0
0.0
0.0
0.0
0.0
0.0
0.0
3.0
0.0
0.0
0.0
1000.0
0.0
0.0
0.0
0.0
0.0
1.0
24.0
0.0
0.0
0.0
0.0
0.0
0.0
0.0
0.0
0.0
28.0
30.0
0.0
34.0
0.0
0.0
30.0
0.0
0.0
30.0
0.0
34.0
0.0
1.0
1000.0
0.0
0.0
2.0
1.0
0.0
24.0
3.0
32.0
0.0
0.0
0.0
0.0
1.0
0.0
33.0
0.0
1.0
0.0
0.0
0.0
2.0
0.0
0.0
0.0
2.0
0.0
248.0
1.0
0.0
4.0
25.0
0.0
0.0
0.0
0.0
0.0
0.0
31.0
1.0
0.0
0.0
32.0
5.0
0.0
0.0
24.0
0.0
0.0
0.0
0.0
1.0
0.0
1.0
0.0
0.0
0.0
1.0
0.0
1000.0
0.0
0.0
0.0
0.0
0.0
9.0
35.0
0.0
0.0
2.0
0.0
0.0
0.0
0.0
1.0
4.0
3.0
0.0
21.0
0.0
0.0
3.0
0.0
3.0
2.0
0.0
0.0
34.0
0.0
34.0
0.0
1000.0
1000.0
6.0
0.0
0.0
0.0
0.0
0.0
0.0
0.0
0.0
27.0
0.0
0.0
0.0
25.0
5.0
0.0
0.0
0.0
0.0
0.0
0.0
0.0
0.0
0.0
36.0
0.0
0.0
0.0
0.0
0.0
0.0
0.0
0.0
0.0
0.0
0.0
0.0
35.0
0.0
138.0
0.0
5.0
0.0
0.0
45.0
0.0
0.0
0.0
0.0
34.0
0.0
0.0
0.0
0.0
0.0
0.0
0.0
0.0
4.0
50.0
0.0
0.0
0.0
0.0
0.0
0.0
0.0
0.0
0.0
430.0
32.0
0.0
0.0
0.0
0.0
0.0
0.0
2.0
0.0
0.0
0.0
0.0
2.0
0.0
0.0
0.0
0.0
0.0
0.0
0.0
0.0
0.0
0.0
0.0
0.0
0.0
0.0
2.0
0.0
0.0
0.0
0.0
3.0
0.0
0.0
1.0
0.0
0.0
0.0
1000.0
0.0
0.0
0.0
0.0
0.0
0.0
28.0
9.0
0.0
0.0
0.0
1.0
27.0
0.0
0.0
0.0
0.0
0.0
0.0
0.0
1000.0
0.0
0.0
0.0
0.0
0.0
0.0
0.0
0.0
0.0
36.0
0.0
0.0
0.0
0.0
0.0
0.0
0.0
0.0
39.0
0.0
0.0
0.0
2.0
0.0
0.0
0.0
3.0
0.0
0.0
0.0
0.0
0.0
0.0
0.0
0.0
2.0
0.0
1.0
0.0
23.0
0.0
0.0
0.0
0.0
0.0
3.0
0.0
0.0
1.0
0.0
0.0
0.0
0.0
0.0
0.0
0.0
0.0
0.0
0.0
0.0
0.0
0.0
0.0
0.0
2.0
0.0
0.0
28.0
0.0
0.0
0.0
0.0
3.0
42.0
28.0
0.0
0.0
0.0
0.0
0.0
0.0
1.0
0.0
796.0
1000.0
0.0
0.0
0.0
30.0
0.0
0.0
0.0
0.0
0.0
0.0
0.0
0.0
0.0
420.0
0.0
2.0
0.0
27.0
0.0
0.0
0.0
0.0
27.0
1000.0
0.0
0.0
0.0
0.0
0.0
0.0
0.0
0.0
4.0
0.0
4.0
13.0
0.0
0.0
0.0
0.0
0.0
0.0
2.0
0.0
0.0
0.0
0.0
0.0
16.0
0.0
0.0
0.0
0.0
1.0
0.0
0.0
0.0
0.0
0.0
0.0
0.0
0.0
1.0
0.0
0.0
0.0
0.0
0.0
0.0
8.0
0.0
0.0
0.0
22.0
0.0
0.0
28.0
0.0
0.0
0.0
1000.0
1.0
0.0
0.0
19.0
4.0
0.0
0.0
0.0
0.0
0.0
0.0
0.0
0.0
0.0
0.0
28.0
0.0
0.0
0.0
30.0
0.0
0.0
0.0
1.0
31.0
1.0
0.0
1.0
0.0
0.0
37.0
29.0
0.0
0.0
1.0
0.0
0.0
0.0
0.0
0.0
0.0
0.0
0.0
2.0
0.0
0.0
100.0
0.0
0.0
781.0
0.0
39.0
3.0
0.0
0.0
0.0
0.0
1.0
1000.0
2.0
3.0
0.0
0.0
2.0
0.0
0.0
0.0
0.0
0.0
4.0
0.0
0.0
0.0
19.0
0.0
0.0
30.0
0.0
0.0
0.0
0.0
0.0
0.0
3.0
0.0
29.0
0.0
0.0
0.0
0.0
2.0
0.0
0.0
153.0
0.0
1.0
0.0
0.0
29.0
1.0
0.0
0.0
0.0
0.0
0.0
0.0
1.0
0.0
3.0
4.0
0.0
0.0
1.0
2.0
0.0
0.0
0.0
33.0
29.0
0.0
156.0
0.0
0.0
0.0
0.0
0.0
0.0
0.0
0.0
0.0
0.0
3.0
3.0
0.0
0.0
0.0
0.0
40.0
0.0
0.0
0.0
0.0
32.0
0.0
0.0
0.0
0.0
0.0
0.0
0.0
0.0
29.0
33.0
0.0
31.0
0.0
0.0
0.0
0.0
0.0
0.0
0.0
0.0
2.0
0.0
0.0
3.0
34.0
0.0
0.0
0.0
0.0
0.0
0.0
0.0
0.0
0.0
0.0
25.0
0.0
0.0
1000.0
0.0
0.0
0.0
0.0
0.0
0.0
4.0
4.0
0.0
28.0
34.0
166.0
0.0
1.0
0.0
4.0
0.0
0.0
0.0
1.0
0.0
1.0
0.0
0.0
1.0
0.0
3.0
0.0
0.0
0.0
0.0
0.0
0.0
0.0
0.0
4.0
0.0
0.0
0.0
0.0
0.0
0.0
0.0
0.0
0.0
34.0
0.0
0.0
532.0
2.0
1.0
0.0
0.0
128.0
0.0
0.0
0.0
0.0
0.0
28.0
0.0
27.0
14.0
29.0
10.0
1.0
0.0
1.0
0.0
592.0
0.0
28.0
0.0
4.0
1.0
0.0
0.0
22.0
28.0
26.0
1.0
1.0
0.0
0.0
0.0
0.0
4.0
0.0
0.0
6.0
29.0
0.0
2.0
0.0
0.0
30.0
0.0
0.0
0.0
142.0
0.0
0.0
0.0
5.0
1.0
0.0
41.0
0.0
22.0
0.0
2.0
5.0
0.0
0.0
0.0
0.0
1.0
0.0
0.0
0.0
1.0
2.0
0.0
0.0
0.0
0.0
0.0
0.0
25.0
0.0
0.0
0.0
0.0
0.0
0.0
31.0
0.0
0.0
0.0
0.0
0.0
30.0
0.0
22.0
0.0
0.0
0.0
0.0
0.0
0.0
0.0
0.0
0.0
0.0
0.0
0.0
0.0
0.0
29.0
0.0
34.0
0.0
0.0
1000.0
31.0
29.0
0.0
28.0
0.0
20.0
0.0
0.0
0.0
0.0
0.0
0.0
0.0
26.0
0.0
0.0
0.0
28.0
0.0
3.0
0.0
0.0
34.0
0.0
1.0
0.0
0.0
0.0
0.0
2.0
0.0
0.0
0.0
0.0
0.0
0.0
30.0
0.0
0.0
0.0
0.0
0.0
1.0
0.0
0.0
0.0
0.0
0.0
0.0
0.0
0.0
0.0
3.0
0.0
0.0
0.0
0.0
0.0
0.0
10.0
0.0
2.0
0.0
0.0
4.0
0.0
1.0
2.0
0.0
0.0
38.0
0.0
3.0
0.0
0.0
0.0
0.0
4.0
0.0
0.0
0.0
0.0
0.0
0.0
1.0
0.0
0.0
25.0
0.0
0.0
0.0
0.0
0.0
0.0
0.0
0.0
0.0
0.0
0.0
0.0
28.0
0.0
2.0
1.0
34.0
1.0
0.0
0.0
0.0
0.0
105.0
0.0
32.0
58.0
0.0
3.0
1.0
0.0
44.0
0.0
0.0
3.0
0.0
0.0
0.0
0.0
0.0
0.0
0.0
32.0
0.0
2.0
0.0
0.0
0.0
36.0
55.0
0.0
1.0
0.0
0.0
0.0
1.0
0.0
28.0
0.0
1.0
1.0
0.0
0.0
0.0
30.0
0.0
0.0
0.0
0.0
1.0
0.0
0.0
189.0
0.0
0.0
40.0
0.0
0.0
0.0
0.0
0.0
2.0
0.0
0.0
2.0
35.0
0.0
0.0
4.0
0.0
0.0
1000.0
0.0
0.0
1.0
0.0
0.0
0.0
0.0
2.0
1.0
0.0
0.0
37.0
3.0
738.0
0.0
0.0
0.0
1.0
0.0
0.0
0.0
2.0
9.0
2.0
5.0
0.0
0.0
0.0
0.0
279.0
0.0
0.0
29.0
21.0
0.0
34.0
0.0
0.0
0.0
0.0
0.0
3.0
0.0
0.0
3.0
0.0
0.0
0.0
3.0
0.0
0.0
0.0
0.0
0.0
7.0
0.0
0.0
776.0
0.0
0.0
0.0
0.0
0.0
35.0
0.0
1.0
1.0
0.0
0.0
0.0
2.0
0.0
0.0
0.0
0.0
0.0
0.0
1.0
0.0
0.0
0.0
0.0
0.0
29.0
0.0
30.0
0.0
2.0
0.0
0.0
36.0
33.0
1.0
0.0
0.0
0.0
0.0
2.0
0.0
0.0
0.0
0.0
3.0
31.0
1.0
0.0
0.0
1.0
0.0
0.0
0.0
0.0
25.0
1000.0
0.0
0.0
0.0
0.0
30.0
0.0
22.0
1.0
0.0
0.0
0.0
0.0
1000.0
0.0
2.0
1000.0
0.0
0.0
0.0
0.0
0.0
0.0
0.0
1.0
0.0
0.0
34.0
2.0
0.0
0.0
0.0
0.0
0.0
2.0
0.0
0.0
1.0
0.0
0.0
0.0
0.0
2.0
0.0
0.0
1.0
1.0
0.0
0.0
0.0
0.0
0.0
24.0
2.0
0.0
2.0
0.0
0.0
0.0
21.0
0.0
0.0
0.0
3.0
38.0
0.0
0.0
0.0
0.0
3.0
0.0
0.0
91.0
0.0
0.0
0.0
1.0
10.0
2.0
0.0
0.0
0.0
0.0
0.0
5.0
785.0
25.0
0.0
0.0
0.0
0.0
0.0
0.0
0.0
0.0
0.0
0.0
0.0
0.0
0.0
0.0
0.0
0.0
1.0
1.0
0.0
0.0
0.0
29.0
0.0
6.0
32.0
0.0
2.0
28.0
177.0
0.0
0.0
0.0
0.0
40.0
3.0
0.0
0.0
0.0
38.0
0.0
42.0
0.0
0.0
0.0
0.0
0.0
0.0
0.0
0.0
33.0
0.0
0.0
32.0
33.0
0.0
26.0
21.0
2.0
0.0
0.0
0.0
0.0
0.0
0.0
0.0
0.0
0.0
0.0
0.0
1.0
0.0
36.0
0.0
0.0
2.0
0.0
32.0
35.0
30.0
26.0
0.0
1.0
0.0
0.0
0.0
0.0
0.0
0.0
0.0
0.0
0.0
0.0
0.0
0.0
0.0
0.0
0.0
0.0
0.0
0.0
0.0
22.0
0.0
0.0
2.0
0.0
0.0
0.0
0.0
2.0
0.0
0.0
9.0
0.0
0.0
0.0
0.0
0.0
0.0
0.0
0.0
0.0
6.0
0.0
0.0
0.0
0.0
2.0
0.0
0.0
0.0
0.0
0.0
0.0
0.0
0.0
0.0
0.0
0.0
5.0
0.0
5.0
33.0
0.0
27.0
1.0
2.0
2.0
25.0
40.0
1.0
0.0
0.0
2.0
0.0
0.0
0.0
0.0
35.0
0.0
4.0
0.0
152.0
15.0
0.0
0.0
0.0
0.0
0.0
4.0
1.0
0.0
1.0
0.0
0.0
0.0
0.0
59.0
0.0
32.0
0.0
0.0
0.0
155.0
1.0
0.0
0.0
0.0
0.0
0.0
21.0
2.0
0.0
0.0
0.0
40.0
0.0
0.0
1.0
1.0
0.0
2.0
0.0
0.0
0.0
19.0
2.0
0.0
0.0
1.0
0.0
34.0
0.0
1.0
0.0
0.0
0.0
0.0
0.0
0.0
32.0
0.0
0.0
0.0
0.0
0.0
21.0
0.0
0.0
1.0
0.0
0.0
0.0
0.0
0.0
0.0
3.0
0.0
0.0
0.0
0.0
2.0
0.0
0.0
30.0
28.0
6.0
0.0
23.0
0.0
0.0
0.0
0.0
0.0
0.0
1.0
0.0
0.0
0.0
0.0
0.0
0.0
0.0
30.0
1.0
0.0
0.0
4.0
0.0
0.0
2.0
23.0
1000.0
15.0
1.0
0.0
6.0
1.0
0.0
0.0
0.0
25.0
0.0
0.0
0.0
1.0
0.0
3.0
0.0
2.0
0.0
2.0
31.0
73.0
0.0
0.0
0.0
0.0
0.0
0.0
0.0
0.0
0.0
3.0
0.0
0.0
11.0
1000.0
0.0
1000.0
1.0
27.0
0.0
31.0
3.0
0.0
1.0
0.0
0.0
0.0
0.0
0.0
35.0
0.0
0.0
0.0
1.0
0.0
0.0
0.0
37.0
0.0
3.0
2.0
0.0
0.0
0.0
0.0
0.0
0.0
0.0
2.0
0.0
0.0
0.0
0.0
1.0
0.0
0.0
0.0
2.0
2.0
35.0
0.0
1.0
0.0
0.0
3.0
0.0
0.0
0.0
778.0
31.0
0.0
22.0
0.0
28.0
32.0
0.0
1.0
0.0
0.0
2.0
0.0
0.0
0.0
0.0
0.0
2.0
0.0
0.0
0.0
0.0
0.0
0.0
0.0
2.0
1.0
0.0
0.0
0.0
0.0
0.0
0.0
0.0
0.0
0.0
0.0
0.0
0.0
0.0
0.0
0.0
35.0
0.0
0.0
0.0
26.0
0.0
1.0
24.0
0.0
1000.0
0.0
39.0
32.0
28.0
0.0
34.0
0.0
0.0
0.0
2.0
0.0
0.0
8.0
0.0
3.0
0.0
0.0
25.0
33.0
0.0
32.0
0.0
0.0
0.0
0.0
0.0
5.0
2.0
27.0
35.0
2.0
0.0
27.0
0.0
0.0
0.0
0.0
0.0
5.0
0.0
0.0
0.0
26.0
0.0
0.0
0.0
2.0
0.0
0.0
0.0
1.0
0.0
42.0
6.0
820.0
0.0
0.0
3.0
0.0
0.0
0.0
1.0
0.0
0.0
0.0
0.0
0.0
0.0
0.0
2.0
0.0
0.0
1.0
0.0
5.0
2.0
0.0
0.0
0.0
2.0
1.0
0.0
3.0
0.0
29.0
0.0
0.0
4.0
0.0
63.0
0.0
1.0
0.0
0.0
34.0
0.0
0.0
2.0
3.0
0.0
0.0
6.0
0.0
27.0
0.0
0.0
25.0
0.0
0.0
1.0
0.0
2.0
35.0
0.0
0.0
30.0
0.0
35.0
3.0
0.0
0.0
0.0
0.0
1.0
0.0
0.0
0.0
2.0
0.0
0.0
0.0
0.0
2.0
0.0
1.0
0.0
28.0
4.0
2.0
1.0
29.0
35.0
0.0
0.0
2.0
0.0
1.0
0.0
0.0
0.0
0.0
1.0
0.0
1.0
20.0
1.0
0.0
1000.0
19.0
0.0
263.0
29.0
0.0
0.0
0.0
0.0
0.0
0.0
32.0
0.0
0.0
0.0
36.0
0.0
24.0
0.0
1.0
1.0
0.0
1000.0
0.0
0.0
2.0
0.0
0.0
0.0
0.0
0.0
0.0
0.0
0.0
0.0
0.0
0.0
0.0
0.0
0.0
0.0
0.0
79.0
2.0
2.0
23.0
0.0
0.0
0.0
31.0
0.0
0.0
29.0
0.0
0.0
0.0
0.0
0.0
0.0
0.0
414.0
30.0
0.0
0.0
0.0
25.0
0.0
5.0
0.0
0.0
2.0
0.0
0.0
0.0
0.0
32.0
2.0
2.0
1000.0
1.0
0.0
0.0
0.0
0.0
0.0
0.0
34.0
0.0
0.0
0.0
0.0
0.0
998.0
0.0
1.0
2.0
3.0
0.0
0.0
0.0
0.0
0.0
25.0
0.0
0.0
5.0
0.0
0.0
0.0
4.0
0.0
1.0
0.0
0.0
0.0
1.0
3.0
2.0
0.0
30.0
0.0
25.0
1.0
0.0
3.0
0.0
0.0
2.0
1.0
36.0
0.0
0.0
0.0
0.0
0.0
0.0
1.0
0.0
0.0
0.0
0.0
0.0
1.0
2.0
0.0
5.0
0.0
0.0
0.0
0.0
0.0
0.0
0.0
0.0
0.0
1.0
1.0
160.0
4.0
0.0
0.0
0.0
0.0
0.0
29.0
1.0
1.0
0.0
3.0
174.0
0.0
0.0
0.0
0.0
653.0
0.0
0.0
28.0
0.0
25.0
0.0
32.0
0.0
0.0
0.0
0.0
1.0
0.0
0.0
0.0
42.0
0.0
0.0
32.0
0.0
0.0
0.0
0.0
1.0
1.0
0.0
1.0
0.0
0.0
0.0
1.0
0.0
0.0
114.0
21.0
0.0
34.0
0.0
0.0
1.0
1.0
41.0
1.0
37.0
26.0
30.0
0.0
25.0
0.0
2.0
0.0
0.0
0.0
0.0
5.0
0.0
0.0
1.0
0.0
0.0
26.0
0.0
0.0
0.0
1.0
0.0
0.0
0.0
45.0
0.0
0.0
0.0
0.0
26.0
239.0
3.0
0.0
0.0
1.0
26.0
0.0
0.0
180.0
0.0
40.0
1.0
0.0
22.0
0.0
0.0
1000.0
0.0
0.0
2.0
0.0
0.0
0.0
2.0
5.0
0.0
39.0
0.0
0.0
1.0
0.0
0.0
0.0
0.0
5.0
3.0
0.0
42.0
0.0
0.0
1.0
0.0
0.0
2.0
0.0
0.0
0.0
1.0
0.0
0.0
0.0
973.0
0.0
19.0
0.0
30.0
0.0
0.0
0.0
0.0
0.0
1.0
0.0
0.0
0.0
0.0
0.0
0.0
0.0
0.0
0.0
2.0
2.0
3.0
0.0
14.0
0.0
1.0
0.0
24.0
0.0
0.0
0.0
1.0
0.0
0.0
0.0
0.0
0.0
0.0
0.0
0.0
25.0
1.0
28.0
5.0
2.0
0.0
0.0
24.0
0.0
4.0
0.0
0.0
0.0
0.0
0.0
0.0
10.0
0.0
0.0
1.0
0.0
31.0
0.0
19.0
0.0
0.0
27.0
0.0
0.0
0.0
1.0
0.0
3.0
0.0
6.0
34.0
0.0
6.0
0.0
0.0
30.0
0.0
0.0
0.0
0.0
2.0
0.0
0.0
5.0
35.0
0.0
0.0
0.0
0.0
0.0
0.0
0.0
0.0
1.0
0.0
0.0
2.0
0.0
30.0
3.0
2.0
3.0
0.0
0.0
0.0
0.0
2.0
1.0
0.0
0.0
0.0
26.0
0.0
16.0
8.0
0.0
2.0
0.0
0.0
0.0
23.0
0.0
1.0
1.0
0.0
0.0
14.0
34.0
27.0
2.0
0.0
0.0
0.0
1.0
1.0
0.0
30.0
0.0
21.0
38.0
27.0
0.0
0.0
22.0
1.0
0.0
44.0
0.0
1.0
8.0
27.0
0.0
19.0
0.0
0.0
0.0
0.0
0.0
0.0
1.0
37.0
0.0
52.0
1.0
0.0
2.0
5.0
0.0
27.0
0.0
0.0
3.0
0.0
25.0
0.0
4.0
0.0
0.0
1.0
0.0
0.0
0.0
0.0
0.0
0.0
0.0
0.0
1.0
31.0
2.0
28.0
0.0
23.0
36.0
0.0
21.0
0.0
0.0
0.0
0.0
25.0
27.0
0.0
0.0
0.0
0.0
33.0
0.0
0.0
0.0
0.0
31.0
0.0
0.0
0.0
0.0
3.0
0.0
0.0
4.0
35.0
0.0
0.0
1.0
0.0
1.0
23.0
0.0
30.0
33.0
0.0
0.0
0.0
150.0
2.0
0.0
0.0
1.0
0.0
0.0
0.0
0.0
34.0
3.0
0.0
0.0
0.0
1.0
2.0
3.0
29.0
1.0
0.0
18.0
0.0
41.0
1.0
0.0
12.0
0.0
0.0
6.0
0.0
2.0
4.0
2.0
1.0
0.0
22.0
5.0
0.0
1.0
30.0
1.0
32.0
18.0
0.0
234.0
0.0
0.0
37.0
37.0
0.0
0.0
1.0
0.0
2.0
2.0
0.0
0.0
28.0
20.0
0.0
0.0
27.0
0.0
0.0
5.0
0.0
0.0
18.0
24.0
0.0
0.0
0.0
28.0
0.0
0.0
0.0
0.0
22.0
0.0
1.0
0.0
25.0
0.0
3.0
0.0
32.0
2.0
779.0
6.0
7.0
0.0
0.0
11.0
37.0
9.0
0.0
22.0
0.0
0.0
0.0
0.0
0.0
24.0
0.0
0.0
0.0
32.0
3.0
0.0
21.0
1.0
0.0
0.0
3.0
0.0
0.0
1.0
0.0
1.0
30.0
34.0
0.0
3.0
1000.0
0.0
0.0
0.0
0.0
1.0
0.0
0.0
28.0
0.0
0.0
0.0
0.0
0.0
26.0
0.0
0.0
26.0
0.0
0.0
31.0
2.0
0.0
0.0
0.0
0.0
0.0
0.0
0.0
0.0
0.0
0.0
1.0
0.0
35.0
33.0
0.0
19.0
0.0
2.0
1.0
0.0
0.0
26.0
31.0
150.0
2.0
0.0
0.0
0.0
35.0
0.0
0.0
2.0
3.0
2.0
0.0
0.0
1.0
290.0
0.0
38.0
29.0
0.0
0.0
0.0
0.0
0.0
0.0
34.0
1.0
0.0
30.0
0.0
144.0
0.0
31.0
2.0
0.0
3.0
41.0
2.0
2.0
0.0
41.0
0.0
1.0
27.0
1.0
0.0
3.0
33.0
37.0
0.0
377.0
0.0
31.0
4.0
28.0
0.0
0.0
0.0
1.0
0.0
30.0
25.0
34.0
0.0
36.0
42.0
0.0
0.0
0.0
0.0
0.0
4.0
0.0
10.0
0.0
3.0
4.0
627.0
0.0
0.0
0.0
0.0
34.0
0.0
0.0
0.0
0.0
116.0
2.0
0.0
198.0
0.0
26.0
24.0
6.0
9.0
31.0
0.0
3.0
0.0
0.0
38.0
1.0
32.0
24.0
0.0
1.0
3.0
32.0
19.0
26.0
33.0
0.0
27.0
3.0
4.0
28.0
0.0
5.0
31.0
4.0
35.0
0.0
27.0
1.0
0.0
0.0
21.0
36.0
0.0
2.0
25.0
0.0
2.0
3.0
364.0
1.0
0.0
24.0
0.0
1.0
0.0
3.0
1.0
2.0
42.0
23.0
0.0
5.0
0.0
3.0
13.0
38.0
3.0
27.0
124.0
35.0
37.0
1.0
29.0
3.0
0.0
35.0
37.0
3.0
50.0
9.0
0.0
209.0
0.0
0.0
0.0
2.0
0.0
2.0
0.0
4.0
24.0
48.0
187.0
1.0
3.0
0.0
24.0
12.0
1.0
35.0
32.0
183.0
24.0
0.0
0.0
28.0
31.0
0.0
5.0
1.0
1.0
28.0
781.0
0.0
626.0
13.0
680.0
0.0
1.0
26.0
29.0
35.0
24.0
33.0
29.0
24.0
27.0
27.0
804.0
23.0
1.0
18.0
34.0
21.0
24.0
19.0
24.0
25.0
2.0
35.0
33.0
36.0
28.0
34.0
34.0
22.0
28.0
29.0
0.0
3.0
0.0
1000.0
0.0
0.0
0.0
2.0
0.0
0.0
0.0
0.0
0.0
1.0
0.0
0.0
0.0
5.0
0.0
1.0
33.0
0.0
0.0
0.0
0.0
0.0
1.0
0.0
261.0
0.0
0.0
0.0
3.0
33.0
0.0
0.0
0.0
0.0
1.0
29.0
0.0
0.0
52.0
1000.0
0.0
5.0
0.0
367.0
0.0
3.0
1.0
0.0
2.0
1000.0
3.0
0.0
35.0
6.0
0.0
0.0
0.0
28.0
1000.0
1.0
0.0
0.0
1.0
0.0
2.0
0.0
0.0
25.0
4.0
0.0
0.0
37.0
0.0
0.0
0.0
0.0
0.0
0.0
1.0
340.0
0.0
37.0
0.0
0.0
38.0
4.0
5.0
3.0
1.0
0.0
0.0
0.0
0.0
2.0
33.0
0.0
404.0
0.0
0.0
0.0
0.0
0.0
0.0
42.0
4.0
1000.0
0.0
0.0
0.0
0.0
17.0
0.0
1000.0
0.0
0.0
0.0
0.0
0.0
1.0
0.0
0.0
37.0
0.0
0.0
14.0
0.0
31.0
0.0
2.0
2.0
0.0
0.0
0.0
0.0
1.0
2.0
3.0
35.0
0.0
0.0
0.0
0.0
0.0
2.0
0.0
0.0
0.0
0.0
1000.0
34.0
10.0
0.0
0.0
0.0
0.0
0.0
0.0
0.0
0.0
0.0
7.0
26.0
49.0
0.0
0.0
0.0
0.0
39.0
4.0
0.0
0.0
0.0
3.0
999.0
0.0
0.0
0.0
0.0
2.0
0.0
0.0
0.0
0.0
0.0
0.0
0.0
0.0
0.0
0.0
0.0
0.0
37.0
0.0
0.0
0.0
0.0
1.0
3.0
0.0
33.0
0.0
30.0
0.0
8.0
0.0
0.0
0.0
0.0
0.0
0.0
1.0
0.0
0.0
0.0
2.0
28.0
0.0
0.0
0.0
0.0
1000.0
0.0
3.0
0.0
3.0
0.0
0.0
3.0
31.0
0.0
0.0
0.0
0.0
31.0
0.0
0.0
2.0
0.0
0.0
1.0
0.0
0.0
0.0
0.0
2.0
0.0
0.0
0.0
0.0
0.0
0.0
0.0
0.0
0.0
0.0
0.0
36.0
0.0
0.0
0.0
0.0
0.0
0.0
0.0
2.0
0.0
0.0
0.0
0.0
0.0
0.0
0.0
2.0
0.0
17.0
0.0
36.0
0.0
0.0
1.0
0.0
0.0
0.0
33.0
0.0
0.0
1.0
0.0
0.0
1000.0
0.0
3.0
0.0
0.0
0.0
1.0
0.0
0.0
32.0
0.0
4.0
0.0
0.0
0.0
37.0
0.0
0.0
0.0
2.0
0.0
0.0
0.0
0.0
0.0
1.0
0.0
0.0
0.0
0.0
0.0
1000.0
1.0
0.0
790.0
0.0
0.0
0.0
2.0
0.0
37.0
0.0
0.0
0.0
37.0
1.0
0.0
4.0
0.0
0.0
0.0
0.0
1.0
0.0
0.0
0.0
2.0
0.0
0.0
0.0
3.0
0.0
0.0
0.0
0.0
246.0
0.0
0.0
1.0
0.0
4.0
30.0
0.0
0.0
76.0
0.0
0.0
6.0
0.0
0.0
0.0
4.0
0.0
0.0
39.0
0.0
195.0
0.0
0.0
1.0
39.0
0.0
0.0
0.0
0.0
0.0
0.0
4.0
0.0
0.0
0.0
1.0
76.0
0.0
0.0
0.0
0.0
0.0
0.0
0.0
0.0
0.0
0.0
36.0
1.0
8.0
0.0
1.0
0.0
28.0
0.0
0.0
0.0
0.0
56.0
0.0
0.0
1000.0
27.0
0.0
0.0
0.0
0.0
25.0
0.0
139.0
0.0
0.0
0.0
0.0
0.0
0.0
0.0
205.0
1000.0
0.0
0.0
0.0
0.0
0.0
45.0
35.0
0.0
47.0
0.0
0.0
0.0
3.0
34.0
0.0
1.0
0.0
0.0
0.0
37.0
0.0
0.0
4.0
0.0
0.0
1.0
0.0
0.0
27.0
0.0
0.0
30.0
0.0
0.0
0.0
1.0
1.0
0.0
1.0
0.0
32.0
0.0
0.0
0.0
0.0
0.0
1.0
0.0
0.0
0.0
2.0
128.0
2.0
1.0
0.0
0.0
35.0
0.0
0.0
0.0
44.0
0.0
0.0
0.0
1.0
0.0
0.0
49.0
3.0
0.0
0.0
0.0
598.0
0.0
0.0
0.0
3.0
0.0
0.0
0.0
0.0
0.0
5.0
2.0
0.0
0.0
0.0
36.0
0.0
0.0
2.0
0.0
0.0
0.0
2.0
0.0
62.0
0.0
0.0
0.0
0.0
0.0
0.0
0.0
34.0
0.0
0.0
1.0
1.0
0.0
0.0
0.0
34.0
29.0
3.0
0.0
0.0
0.0
0.0
0.0
0.0
0.0
34.0
0.0
0.0
0.0
834.0
0.0
0.0
0.0
0.0
0.0
0.0
3.0
0.0
0.0
0.0
0.0
0.0
42.0
0.0
0.0
0.0
0.0
3.0
0.0
955.0
0.0
0.0
47.0
0.0
0.0
12.0
0.0
1.0
1.0
0.0
0.0
1.0
2.0
25.0
0.0
0.0
0.0
37.0
0.0
0.0
2.0
7.0
2.0
0.0
0.0
0.0
34.0
114.0
0.0
2.0
0.0
0.0
0.0
10.0
0.0
1000.0
6.0
0.0
0.0
0.0
0.0
31.0
0.0
1000.0
0.0
0.0
0.0
40.0
0.0
38.0
3.0
0.0
6.0
2.0
0.0
0.0
26.0
0.0
2.0
0.0
0.0
37.0
0.0
0.0
0.0
1.0
1.0
1.0
0.0
0.0
1000.0
41.0
0.0
0.0
2.0
0.0
0.0
0.0
0.0
3.0
0.0
0.0
0.0
4.0
27.0
0.0
0.0
0.0
0.0
736.0
14.0
2.0
0.0
0.0
0.0
0.0
0.0
0.0
0.0
0.0
40.0
0.0
0.0
0.0
0.0
3.0
0.0
0.0
52.0
0.0
0.0
3.0
0.0
1.0
26.0
3.0
0.0
3.0
837.0
0.0
0.0
33.0
0.0
1.0
3.0
0.0
0.0
0.0
0.0
0.0
3.0
0.0
0.0
0.0
0.0
0.0
0.0
4.0
0.0
2.0
0.0
0.0
0.0
0.0
3.0
0.0
0.0
44.0
0.0
35.0
0.0
3.0
1.0
2.0
7.0
36.0
2.0
0.0
0.0
0.0
0.0
2.0
34.0
2.0
0.0
4.0
0.0
0.0
0.0
0.0
0.0
2.0
0.0
0.0
40.0
41.0
0.0
1.0
30.0
0.0
0.0
0.0
0.0
0.0
0.0
0.0
0.0
31.0
196.0
1000.0
189.0
97.0
0.0
0.0
0.0
0.0
1.0
0.0
36.0
0.0
0.0
0.0
0.0
5.0
1000.0
0.0
0.0
0.0
0.0
0.0
0.0
0.0
0.0
36.0
3.0
0.0
0.0
0.0
3.0
50.0
0.0
0.0
0.0
35.0
0.0
3.0
29.0
0.0
0.0
1000.0
0.0
0.0
45.0
1.0
1000.0
0.0
35.0
5.0
0.0
39.0
0.0
0.0
0.0
31.0
956.0
0.0
0.0
3.0
43.0
0.0
0.0
2.0
0.0
0.0
0.0
0.0
0.0
46.0
13.0
0.0
3.0
4.0
1.0
39.0
1.0
34.0
1.0
0.0
0.0
0.0
0.0
0.0
0.0
682.0
0.0
0.0
1000.0
0.0
28.0
0.0
0.0
2.0
0.0
1.0
0.0
0.0
0.0
35.0
0.0
0.0
26.0
0.0
0.0
0.0
0.0
0.0
0.0
0.0
1.0
0.0
0.0
3.0
0.0
0.0
0.0
6.0
0.0
0.0
3.0
0.0
0.0
0.0
0.0
0.0
0.0
0.0
0.0
0.0
0.0
0.0
2.0
1.0
0.0
0.0
2.0
0.0
0.0
0.0
42.0
0.0
1000.0
0.0
0.0
32.0
44.0
0.0
0.0
0.0
1000.0
0.0
0.0
0.0
0.0
1.0
0.0
28.0
0.0
0.0
0.0
0.0
0.0
0.0
0.0
5.0
0.0
0.0
0.0
0.0
0.0
0.0
1.0
0.0
0.0
0.0
0.0
0.0
1.0
0.0
0.0
0.0
0.0
0.0
0.0
0.0
0.0
0.0
2.0
2.0
0.0
0.0
0.0
37.0
18.0
0.0
0.0
0.0
0.0
0.0
0.0
25.0
28.0
0.0
0.0
0.0
39.0
0.0
0.0
0.0
7.0
0.0
0.0
0.0
0.0
0.0
0.0
0.0
0.0
10.0
0.0
0.0
0.0
0.0
0.0
0.0
0.0
0.0
0.0
0.0
34.0
4.0
1000.0
0.0
0.0
0.0
3.0
0.0
2.0
28.0
0.0
473.0
0.0
0.0
30.0
2.0
1.0
0.0
1.0
0.0
0.0
0.0
0.0
40.0
34.0
0.0
209.0
0.0
0.0
125.0
2.0
0.0
0.0
0.0
30.0
2.0
0.0
34.0
0.0
0.0
0.0
10.0
0.0
0.0
0.0
0.0
1.0
0.0
0.0
0.0
0.0
0.0
0.0
0.0
0.0
4.0
0.0
0.0
0.0
0.0
0.0
0.0
0.0
5.0
0.0
0.0
4.0
0.0
39.0
0.0
0.0
0.0
30.0
0.0
0.0
1.0
1000.0
0.0
0.0
0.0
0.0
0.0
0.0
0.0
0.0
0.0
0.0
0.0
0.0
0.0
9.0
0.0
68.0
0.0
0.0
0.0
0.0
0.0
2.0
0.0
0.0
0.0
14.0
0.0
840.0
0.0
0.0
3.0
0.0
0.0
0.0
0.0
32.0
31.0
36.0
1.0
0.0
140.0
0.0
0.0
0.0
0.0
0.0
0.0
1.0
0.0
0.0
0.0
0.0
0.0
2.0
5.0
0.0
0.0
0.0
7.0
1000.0
0.0
0.0
0.0
38.0
1.0
0.0
7.0
0.0
1000.0
0.0
22.0
0.0
0.0
0.0
0.0
0.0
1000.0
0.0
1000.0
0.0
0.0
0.0
0.0
0.0
0.0
0.0
0.0
0.0
1000.0
0.0
0.0
0.0
11.0
0.0
29.0
296.0
0.0
0.0
0.0
0.0
27.0
0.0
0.0
0.0
0.0
1000.0
4.0
0.0
0.0
0.0
0.0
0.0
0.0
0.0
0.0
0.0
207.0
0.0
0.0
291.0
745.0
32.0
1.0
0.0
1.0
0.0
0.0
31.0
82.0
0.0
0.0
0.0
25.0
0.0
2.0
34.0
1.0
0.0
0.0
1000.0
1.0
42.0
0.0
0.0
0.0
0.0
0.0
0.0
3.0
0.0
0.0
0.0
0.0
0.0
2.0
0.0
0.0
0.0
1.0
0.0
0.0
3.0
22.0
1.0
0.0
0.0
0.0
0.0
0.0
0.0
0.0
0.0
1000.0
34.0
2.0
0.0
201.0
11.0
0.0
22.0
34.0
0.0
0.0
1.0
32.0
0.0
0.0
0.0
0.0
0.0
4.0
484.0
0.0
5.0
0.0
33.0
0.0
0.0
2.0
0.0
0.0
30.0
0.0
0.0
0.0
0.0
0.0
0.0
0.0
0.0
0.0
2.0
0.0
0.0
0.0
0.0
39.0
0.0
0.0
0.0
0.0
157.0
0.0
0.0
0.0
2.0
0.0
0.0
0.0
36.0
0.0
0.0
179.0
0.0
1.0
0.0
1.0
0.0
0.0
0.0
0.0
1.0
0.0
0.0
0.0
0.0
0.0
0.0
0.0
0.0
0.0
0.0
0.0
0.0
29.0
0.0
2.0
1.0
0.0
0.0
0.0
0.0
660.0
2.0
1.0
0.0
41.0
0.0
0.0
0.0
1000.0
0.0
36.0
0.0
0.0
0.0
3.0
0.0
0.0
0.0
2.0
4.0
1.0
0.0
41.0
0.0
0.0
0.0
32.0
0.0
0.0
150.0
0.0
0.0
0.0
0.0
0.0
0.0
35.0
0.0
0.0
0.0
0.0
0.0
0.0
0.0
3.0
0.0
38.0
208.0
0.0
0.0
0.0
1.0
0.0
0.0
196.0
0.0
25.0
44.0
0.0
0.0
0.0
0.0
0.0
0.0
0.0
0.0
39.0
14.0
0.0
6.0
0.0
35.0
4.0
0.0
39.0
1000.0
3.0
0.0
26.0
28.0
0.0
0.0
0.0
1.0
0.0
0.0
0.0
36.0
29.0
0.0
0.0
1.0
0.0
0.0
34.0
0.0
0.0
710.0
784.0
1000.0
0.0
4.0
0.0
0.0
0.0
0.0
39.0
0.0
0.0
1000.0
3.0
0.0
0.0
0.0
0.0
1.0
0.0
0.0
0.0
0.0
0.0
0.0
0.0
27.0
0.0
2.0
0.0
0.0
36.0
0.0
0.0
0.0
0.0
0.0
0.0
0.0
0.0
0.0
0.0
0.0
0.0
0.0
0.0
32.0
0.0
0.0
0.0
0.0
53.0
2.0
0.0
30.0
0.0
0.0
0.0
0.0
0.0
0.0
6.0
498.0
0.0
0.0
0.0
0.0
0.0
0.0
0.0
1000.0
0.0
34.0
0.0
0.0
0.0
1000.0
0.0
0.0
0.0
35.0
2.0
35.0
0.0
0.0
1000.0
0.0
0.0
1.0
0.0
1000.0
0.0
8.0
0.0
1000.0
0.0
3.0
2.0
0.0
0.0
0.0
33.0
2.0
0.0
0.0
0.0
1000.0
1000.0
0.0
0.0
28.0
966.0
0.0
0.0
0.0
1.0
0.0
0.0
0.0
0.0
0.0
0.0
43.0
0.0
0.0
0.0
0.0
28.0
860.0
0.0
0.0
0.0
0.0
0.0
33.0
1.0
0.0
0.0
0.0
0.0
0.0
0.0
0.0
0.0
0.0
40.0
0.0
48.0
0.0
0.0
23.0
3.0
0.0
1.0
0.0
0.0
0.0
42.0
0.0
0.0
0.0
0.0
3.0
0.0
0.0
0.0
0.0
0.0
0.0
0.0
0.0
1.0
0.0
0.0
0.0
0.0
0.0
0.0
0.0
0.0
1.0
0.0
0.0
0.0
0.0
0.0
0.0
265.0
33.0
30.0
0.0
0.0
0.0
0.0
2.0
0.0
0.0
0.0
474.0
0.0
0.0
0.0
0.0
2.0
0.0
0.0
109.0
1000.0
0.0
4.0
2.0
0.0
0.0
0.0
22.0
0.0
0.0
0.0
0.0
0.0
0.0
4.0
2.0
0.0
0.0
0.0
0.0
33.0
0.0
0.0
0.0
5.0
0.0
0.0
0.0
0.0
10.0
0.0
0.0
0.0
0.0
42.0
0.0
0.0
1.0
0.0
5.0
0.0
26.0
0.0
0.0
0.0
0.0
4.0
0.0
0.0
0.0
0.0
0.0
0.0
0.0
0.0
1.0
0.0
0.0
0.0
0.0
0.0
0.0
2.0
0.0
0.0
0.0
0.0
52.0
2.0
0.0
0.0
0.0
0.0
0.0
0.0
19.0
1.0
1000.0
0.0
29.0
0.0
0.0
1000.0
0.0
0.0
1.0
0.0
0.0
0.0
0.0
0.0
0.0
0.0
0.0
36.0
9.0
0.0
0.0
28.0
0.0
0.0
0.0
0.0
0.0
2.0
0.0
0.0
0.0
0.0
0.0
0.0
1.0
0.0
0.0
10.0
346.0
2.0
0.0
1000.0
0.0
0.0
0.0
28.0
1.0
0.0
2.0
21.0
0.0
0.0
1.0
0.0
0.0
4.0
0.0
0.0
0.0
0.0
0.0
0.0
0.0
0.0
0.0
0.0
0.0
0.0
0.0
0.0
47.0
0.0
0.0
0.0
0.0
1000.0
0.0
50.0
0.0
0.0
3.0
0.0
0.0
0.0
0.0
0.0
1.0
46.0
0.0
251.0
0.0
0.0
32.0
2.0
36.0
0.0
0.0
244.0
1000.0
2.0
48.0
0.0
2.0
0.0
0.0
0.0
1000.0
0.0
4.0
0.0
0.0
0.0
0.0
17.0
0.0
36.0
0.0
0.0
0.0
0.0
0.0
947.0
32.0
0.0
0.0
0.0
54.0
0.0
0.0
0.0
0.0
53.0
0.0
0.0
23.0
0.0
7.0
0.0
35.0
36.0
47.0
1000.0
0.0
0.0
0.0
0.0
0.0
0.0
79.0
0.0
2.0
0.0
1.0
42.0
0.0
1.0
970.0
0.0
0.0
3.0
0.0
995.0
0.0
3.0
1.0
0.0
206.0
5.0
0.0
0.0
0.0
0.0
1000.0
0.0
0.0
0.0
0.0
0.0
0.0
1.0
0.0
0.0
27.0
4.0
2.0
1.0
0.0
0.0
0.0
1.0
0.0
0.0
0.0
38.0
0.0
2.0
0.0
0.0
2.0
0.0
3.0
44.0
0.0
0.0
0.0
0.0
0.0
29.0
0.0
0.0
0.0
0.0
41.0
0.0
0.0
0.0
0.0
0.0
2.0
4.0
0.0
0.0
0.0
4.0
0.0
0.0
1000.0
0.0
1.0
0.0
27.0
2.0
3.0
0.0
0.0
0.0
0.0
0.0
0.0
0.0
40.0
0.0
33.0
0.0
0.0
0.0
3.0
0.0
0.0
0.0
0.0
0.0
0.0
0.0
0.0
0.0
0.0
49.0
0.0
0.0
0.0
0.0
0.0
45.0
40.0
0.0
0.0
0.0
0.0
0.0
0.0
0.0
3.0
0.0
5.0
0.0
0.0
0.0
0.0
1.0
0.0
0.0
3.0
2.0
0.0
0.0
0.0
0.0
0.0
0.0
0.0
0.0
34.0
0.0
5.0
26.0
2.0
0.0
0.0
0.0
3.0
0.0
0.0
0.0
6.0
0.0
0.0
34.0
0.0
3.0
0.0
42.0
0.0
1.0
0.0
0.0
0.0
0.0
0.0
0.0
0.0
0.0
0.0
31.0
0.0
0.0
0.0
0.0
0.0
33.0
14.0
0.0
0.0
0.0
1.0
0.0
0.0
266.0
0.0
0.0
0.0
0.0
0.0
0.0
0.0
0.0
0.0
0.0
0.0
0.0
0.0
0.0
0.0
31.0
0.0
0.0
0.0
0.0
47.0
0.0
0.0
0.0
0.0
357.0
0.0
0.0
0.0
0.0
0.0
34.0
0.0
1.0
0.0
0.0
0.0
0.0
0.0
0.0
0.0
0.0
0.0
2.0
0.0
0.0
0.0
0.0
0.0
0.0
0.0
0.0
3.0
0.0
1000.0
4.0
9.0
0.0
2.0
0.0
0.0
5.0
4.0
0.0
0.0
0.0
0.0
0.0
0.0
0.0
0.0
0.0
0.0
31.0
0.0
0.0
0.0
0.0
0.0
29.0
0.0
0.0
0.0
111.0
0.0
0.0
0.0
0.0
0.0
4.0
0.0
0.0
0.0
0.0
0.0
0.0
5.0
0.0
1000.0
0.0
1.0
28.0
0.0
1.0
1.0
0.0
0.0
1.0
0.0
0.0
1.0
0.0
0.0
0.0
0.0
0.0
0.0
0.0
53.0
1.0
0.0
34.0
984.0
0.0
0.0
0.0
0.0
0.0
0.0
0.0
0.0
0.0
0.0
0.0
0.0
70.0
0.0
0.0
0.0
0.0
1000.0
0.0
0.0
0.0
35.0
0.0
0.0
0.0
0.0
6.0
0.0
27.0
0.0
0.0
0.0
0.0
0.0
0.0
0.0
0.0
3.0
0.0
0.0
0.0
0.0
0.0
2.0
1000.0
0.0
1.0
0.0
43.0
0.0
0.0
0.0
0.0
0.0
1000.0
0.0
0.0
0.0
29.0
29.0
0.0
45.0
0.0
1000.0
32.0
0.0
0.0
32.0
0.0
33.0
0.0
1.0
0.0
0.0
0.0
1.0
2.0
0.0
53.0
0.0
25.0
0.0
0.0
0.0
0.0
1.0
0.0
36.0
0.0
2.0
0.0
0.0
0.0
3.0
0.0
0.0
0.0
2.0
0.0
527.0
0.0
0.0
0.0
37.0
0.0
0.0
0.0
0.0
0.0
0.0
23.0
100.0
0.0
0.0
35.0
3.0
0.0
0.0
35.0
0.0
0.0
0.0
0.0
0.0
0.0
1.0
0.0
0.0
1000.0
3.0
2.0
0.0
0.0
0.0
0.0
0.0
1000.0
3.0
29.0
0.0
0.0
4.0
0.0
0.0
0.0
0.0
1.0
4.0
0.0
0.0
27.0
1000.0
0.0
0.0
0.0
1.0
1.0
0.0
0.0
40.0
0.0
60.0
0.0
0.0
0.0
2.0
0.0
1000.0
0.0
0.0
0.0
0.0
0.0
0.0
39.0
0.0
0.0
0.0
46.0
2.0
13.0
0.0
0.0
0.0
0.0
0.0
0.0
0.0
0.0
40.0
0.0
0.0
0.0
0.0
0.0
0.0
0.0
0.0
0.0
0.0
1000.0
0.0
34.0
0.0
0.0
0.0
0.0
0.0
0.0
32.0
0.0
0.0
0.0
0.0
32.0
0.0
0.0
0.0
0.0
0.0
0.0
0.0
0.0
0.0
56.0
0.0
0.0
0.0
0.0
0.0
998.0
0.0
0.0
0.0
0.0
29.0
0.0
0.0
0.0
0.0
0.0
0.0
0.0
0.0
0.0
0.0
0.0
2.0
0.0
0.0
0.0
0.0
0.0
0.0
0.0
0.0
0.0
0.0
0.0
0.0
0.0
0.0
3.0
0.0
0.0
0.0
2.0
2.0
1.0
0.0
2.0
0.0
0.0
0.0
0.0
0.0
5.0
0.0
0.0
0.0
0.0
34.0
17.0
0.0
0.0
0.0
4.0
43.0
0.0
0.0
0.0
0.0
0.0
0.0
0.0
0.0
0.0
0.0
0.0
0.0
1000.0
0.0
0.0
0.0
0.0
33.0
0.0
0.0
0.0
0.0
0.0
0.0
4.0
0.0
33.0
0.0
0.0
0.0
0.0
1000.0
0.0
0.0
2.0
0.0
0.0
0.0
0.0
0.0
0.0
0.0
0.0
3.0
0.0
2.0
0.0
33.0
0.0
0.0
0.0
0.0
0.0
5.0
0.0
0.0
0.0
0.0
0.0
0.0
0.0
0.0
0.0
0.0
0.0
0.0
0.0
0.0
0.0
0.0
1000.0
0.0
3.0
0.0
0.0
34.0
0.0
0.0
0.0
0.0
1.0
45.0
33.0
0.0
0.0
0.0
0.0
0.0
0.0
1.0
0.0
4.0
0.0
0.0
0.0
0.0
26.0
0.0
0.0
0.0
0.0
0.0
0.0
0.0
0.0
0.0
0.0
0.0
1.0
0.0
29.0
0.0
0.0
0.0
0.0
21.0
0.0
0.0
0.0
0.0
0.0
0.0
0.0
0.0
0.0
2.0
0.0
1.0
34.0
0.0
0.0
0.0
0.0
0.0
0.0
4.0
0.0
0.0
0.0
0.0
0.0
18.0
0.0
0.0
1.0
0.0
0.0
0.0
0.0
0.0
0.0
0.0
0.0
0.0
0.0
1.0
0.0
0.0
0.0
0.0
0.0
0.0
10.0
0.0
0.0
0.0
36.0
0.0
0.0
25.0
0.0
0.0
0.0
0.0
0.0
0.0
0.0
35.0
2.0
0.0
0.0
3.0
0.0
0.0
0.0
0.0
0.0
0.0
2.0
35.0
1.0
0.0
0.0
26.0
0.0
0.0
0.0
1.0
34.0
0.0
0.0
0.0
0.0
0.0
44.0
25.0
0.0
0.0
1.0
0.0
0.0
0.0
0.0
0.0
0.0
0.0
0.0
0.0
0.0
0.0
62.0
0.0
0.0
7.0
0.0
34.0
0.0
3.0
0.0
0.0
0.0
0.0
0.0
2.0
2.0
0.0
0.0
3.0
0.0
0.0
0.0
0.0
1.0
3.0
0.0
0.0
0.0
32.0
0.0
0.0
37.0
0.0
0.0
0.0
0.0
0.0
0.0
3.0
0.0
37.0
0.0
0.0
0.0
0.0
1.0
7.0
0.0
198.0
0.0
2.0
0.0
0.0
26.0
0.0
0.0
0.0
0.0
0.0
0.0
0.0
0.0
0.0
0.0
3.0
0.0
0.0
0.0
1.0
0.0
0.0
0.0
40.0
24.0
0.0
230.0
0.0
0.0
1.0
0.0
0.0
0.0
0.0
14.0
0.0
0.0
1.0
0.0
0.0
0.0
0.0
0.0
35.0
0.0
0.0
0.0
0.0
39.0
0.0
0.0
0.0
4.0
0.0
0.0
0.0
0.0
30.0
73.0
0.0
40.0
0.0
0.0
0.0
0.0
0.0
0.0
0.0
1.0
3.0
0.0
0.0
1.0
20.0
0.0
0.0
0.0
0.0
0.0
0.0
0.0
0.0
0.0
0.0
43.0
0.0
0.0
0.0
0.0
0.0
2.0
276.0
0.0
0.0
0.0
4.0
2.0
40.0
30.0
193.0
0.0
3.0
0.0
3.0
0.0
0.0
5.0
0.0
0.0
2.0
0.0
0.0
3.0
0.0
1.0
0.0
0.0
0.0
0.0
0.0
0.0
0.0
0.0
2.0
0.0
0.0
0.0
0.0
0.0
0.0
0.0
0.0
0.0
51.0
0.0
0.0
433.0
3.0
1.0
0.0
0.0
200.0
0.0
0.0
0.0
0.0
0.0
44.0
0.0
36.0
21.0
35.0
34.0
1.0
0.0
7.0
0.0
0.0
0.0
28.0
0.0
2.0
1.0
0.0
0.0
43.0
28.0
33.0
0.0
2.0
0.0
0.0
0.0
0.0
0.0
994.0
1.0
2.0
38.0
0.0
2.0
0.0
0.0
47.0
0.0
0.0
0.0
230.0
0.0
0.0
0.0
1.0
1.0
0.0
35.0
0.0
37.0
0.0
3.0
1.0
0.0
0.0
0.0
0.0
2.0
0.0
0.0
0.0
1.0
4.0
0.0
0.0
0.0
0.0
0.0
0.0
30.0
0.0
0.0
0.0
0.0
0.0
0.0
32.0
0.0
0.0
0.0
0.0
0.0
39.0
0.0
35.0
0.0
0.0
0.0
0.0
0.0
0.0
0.0
0.0
0.0
0.0
0.0
0.0
0.0
0.0
42.0
0.0
37.0
1.0
0.0
0.0
40.0
25.0
0.0
26.0
0.0
39.0
0.0
1.0
0.0
0.0
0.0
0.0
0.0
26.0
0.0
0.0
0.0
31.0
0.0
6.0
0.0
0.0
38.0
0.0
0.0
0.0
0.0
0.0
0.0
2.0
0.0
0.0
0.0
0.0
0.0
0.0
34.0
0.0
0.0
0.0
2.0
0.0
1.0
0.0
0.0
0.0
0.0
0.0
0.0
0.0
0.0
0.0
2.0
0.0
0.0
0.0
0.0
0.0
0.0
15.0
0.0
0.0
0.0
0.0
3.0
0.0
2.0
0.0
0.0
0.0
34.0
0.0
1.0
0.0
2.0
0.0
0.0
0.0
3.0
0.0
0.0
0.0
0.0
0.0
3.0
3.0
0.0
35.0
0.0
0.0
0.0
0.0
0.0
0.0
0.0
0.0
0.0
0.0
0.0
0.0
41.0
0.0
1.0
3.0
34.0
3.0
0.0
0.0
0.0
0.0
829.0
0.0
35.0
205.0
0.0
2.0
0.0
0.0
45.0
1000.0
1.0
1.0
0.0
0.0
0.0
0.0
0.0
0.0
0.0
39.0
2.0
1.0
0.0
0.0
0.0
40.0
30.0
0.0
1.0
0.0
0.0
0.0
1.0
0.0
35.0
0.0
1.0
0.0
0.0
0.0
0.0
34.0
0.0
0.0
0.0
0.0
2.0
0.0
0.0
476.0
0.0
0.0
36.0
0.0
0.0
0.0
0.0
2.0
1.0
0.0
0.0
2.0
41.0
0.0
0.0
1.0
0.0
0.0
0.0
0.0
0.0
2.0
0.0
20.0
0.0
0.0
3.0
2.0
0.0
0.0
32.0
1.0
247.0
0.0
0.0
0.0
3.0
0.0
0.0
0.0
2.0
11.0
3.0
5.0
425.0
0.0
0.0
0.0
3.0
0.0
0.0
28.0
30.0
0.0
38.0
0.0
1000.0
0.0
0.0
0.0
5.0
0.0
0.0
4.0
0.0
0.0
0.0
5.0
0.0
0.0
0.0
0.0
0.0
1.0
0.0
0.0
1.0
0.0
0.0
0.0
0.0
0.0
36.0
0.0
3.0
1.0
0.0
0.0
0.0
0.0
0.0
0.0
0.0
0.0
0.0
0.0
0.0
0.0
0.0
0.0
0.0
0.0
35.0
0.0
29.0
0.0
1.0
0.0
0.0
42.0
28.0
2.0
0.0
0.0
2.0
0.0
5.0
0.0
0.0
1.0
0.0
0.0
26.0
0.0
0.0
1.0
2.0
0.0
0.0
0.0
0.0
32.0
0.0
0.0
0.0
0.0
0.0
43.0
0.0
43.0
4.0
0.0
0.0
0.0
0.0
0.0
0.0
2.0
0.0
0.0
0.0
0.0
0.0
0.0
0.0
0.0
3.0
0.0
0.0
35.0
2.0
0.0
0.0
0.0
167.0
0.0
1.0
0.0
0.0
2.0
0.0
0.0
0.0
0.0
2.0
1000.0
6.0
3.0
3.0
0.0
0.0
0.0
0.0
0.0
264.0
0.0
0.0
0.0
0.0
0.0
0.0
27.0
0.0
0.0
3.0
37.0
33.0
0.0
0.0
0.0
0.0
7.0
0.0
0.0
86.0
0.0
0.0
0.0
1.0
33.0
110.0
0.0
0.0
0.0
0.0
0.0
3.0
7.0
38.0
0.0
0.0
0.0
0.0
0.0
0.0
0.0
0.0
0.0
0.0
0.0
0.0
0.0
0.0
0.0
0.0
2.0
3.0
0.0
0.0
2.0
30.0
0.0
4.0
38.0
0.0
0.0
39.0
219.0
1000.0
0.0
0.0
0.0
42.0
2.0
0.0
4.0
0.0
28.0
0.0
1.0
0.0
0.0
0.0
0.0
0.0
0.0
0.0
0.0
33.0
0.0
0.0
19.0
28.0
0.0
32.0
32.0
4.0
0.0
0.0
0.0
2.0
0.0
0.0
0.0
0.0
0.0
0.0
2.0
0.0
0.0
31.0
0.0
0.0
0.0
0.0
31.0
62.0
28.0
38.0
0.0
3.0
0.0
0.0
0.0
0.0
0.0
0.0
0.0
0.0
0.0
0.0
0.0
0.0
0.0
0.0
0.0
0.0
0.0
0.0
0.0
35.0
0.0
0.0
2.0
0.0
0.0
0.0
1000.0
2.0
0.0
0.0
8.0
0.0
1000.0
0.0
0.0
5.0
0.0
0.0
0.0
0.0
17.0
0.0
0.0
0.0
0.0
1.0
0.0
0.0
0.0
0.0
0.0
0.0
0.0
0.0
0.0
0.0
0.0
17.0
0.0
2.0
29.0
0.0
33.0
1.0
1.0
1.0
34.0
34.0
3.0
0.0
0.0
7.0
0.0
0.0
0.0
0.0
37.0
0.0
1.0
0.0
220.0
26.0
0.0
0.0
0.0
2.0
0.0
1.0
0.0
1.0
1.0
0.0
1.0
3.0
0.0
204.0
0.0
32.0
0.0
0.0
0.0
209.0
1.0
0.0
0.0
0.0
0.0
1.0
32.0
4.0
3.0
0.0
0.0
33.0
0.0
0.0
0.0
2.0
0.0
0.0
0.0
0.0
0.0
34.0
1.0
0.0
0.0
2.0
0.0
34.0
0.0
271.0
0.0
0.0
8.0
0.0
0.0
0.0
35.0
0.0
0.0
0.0
0.0
0.0
28.0
0.0
0.0
3.0
0.0
0.0
0.0
0.0
0.0
0.0
1.0
0.0
0.0
0.0
0.0
1.0
0.0
0.0
38.0
40.0
1.0
0.0
38.0
0.0
0.0
0.0
0.0
0.0
0.0
0.0
0.0
1.0
0.0
0.0
0.0
0.0
1.0
33.0
0.0
0.0
0.0
2.0
0.0
0.0
0.0
42.0
0.0
0.0
2.0
0.0
18.0
4.0
0.0
0.0
0.0
26.0
0.0
0.0
0.0
4.0
0.0
3.0
0.0
2.0
0.0
1.0
25.0
120.0
0.0
0.0
0.0
0.0
0.0
3.0
0.0
0.0
0.0
0.0
0.0
1.0
21.0
0.0
840.0
0.0
1.0
39.0
2.0
37.0
2.0
0.0
3.0
0.0
0.0
4.0
0.0
0.0
31.0
0.0
0.0
0.0
0.0
0.0
0.0
0.0
31.0
0.0
1.0
1.0
1000.0
0.0
0.0
0.0
0.0
0.0
0.0
4.0
0.0
0.0
0.0
0.0
0.0
0.0
0.0
0.0
4.0
1.0
24.0
0.0
3.0
0.0
4.0
0.0
0.0
0.0
0.0
8.0
34.0
0.0
29.0
0.0
32.0
31.0
0.0
0.0
0.0
0.0
3.0
0.0
0.0
0.0
0.0
0.0
2.0
0.0
0.0
4.0
0.0
0.0
0.0
0.0
3.0
0.0
0.0
1.0
0.0
0.0
0.0
2.0
1.0
0.0
0.0
0.0
0.0
0.0
4.0
0.0
0.0
37.0
0.0
0.0
0.0
270.0
0.0
4.0
46.0
0.0
0.0
0.0
32.0
28.0
34.0
0.0
23.0
0.0
0.0
0.0
1.0
1.0
0.0
22.0
0.0
2.0
0.0
0.0
42.0
36.0
0.0
36.0
0.0
0.0
0.0
0.0
0.0
0.0
0.0
41.0
40.0
2.0
0.0
35.0
0.0
0.0
0.0
0.0
0.0
2.0
0.0
3.0
1.0
36.0
0.0
1.0
0.0
4.0
0.0
0.0
0.0
1.0
0.0
28.0
9.0
0.0
0.0
0.0
1.0
0.0
0.0
0.0
1.0
0.0
0.0
0.0
0.0
0.0
0.0
0.0
0.0
0.0
0.0
1.0
0.0
5.0
3.0
0.0
0.0
3.0
1.0
0.0
0.0
1.0
0.0
41.0
0.0
0.0
3.0
0.0
914.0
4.0
4.0
0.0
0.0
40.0
0.0
0.0
1.0
1.0
0.0
0.0
850.0
0.0
28.0
0.0
0.0
32.0
0.0
0.0
0.0
0.0
1.0
26.0
0.0
0.0
31.0
0.0
54.0
1.0
0.0
0.0
0.0
0.0
1.0
0.0
0.0
0.0
3.0
0.0
0.0
0.0
0.0
0.0
4.0
4.0
0.0
38.0
0.0
0.0
3.0
37.0
37.0
0.0
0.0
2.0
0.0
2.0
0.0
0.0
0.0
0.0
2.0
0.0
2.0
28.0
0.0
0.0
0.0
26.0
0.0
0.0
31.0
0.0
1000.0
1000.0
0.0
0.0
16.0
39.0
0.0
0.0
1000.0
36.0
0.0
30.0
0.0
1.0
3.0
0.0
0.0
0.0
0.0
4.0
0.0
0.0
10.0
0.0
0.0
0.0
976.0
0.0
0.0
0.0
0.0
0.0
0.0
0.0
0.0
0.0
82.0
2.0
3.0
47.0
0.0
1000.0
0.0
49.0
0.0
0.0
37.0
0.0
2.0
0.0
0.0
0.0
0.0
0.0
0.0
24.0
0.0
0.0
0.0
30.0
0.0
1.0
0.0
0.0
8.0
0.0
0.0
0.0
0.0
35.0
2.0
3.0
0.0
1.0
0.0
1000.0
0.0
0.0
0.0
0.0
28.0
0.0
0.0
0.0
0.0
0.0
0.0
0.0
1.0
1.0
1.0
540.0
0.0
0.0
0.0
0.0
23.0
0.0
0.0
2.0
0.0
0.0
0.0
4.0
0.0
2.0
0.0
0.0
0.0
3.0
1.0
0.0
0.0
30.0
0.0
40.0
1.0
0.0
0.0
0.0
0.0
3.0
0.0
24.0
0.0
0.0
0.0
0.0
0.0
0.0
4.0
0.0
0.0
0.0
0.0
0.0
1.0
5.0
0.0
8.0
0.0
0.0
0.0
0.0
0.0
1000.0
0.0
0.0
0.0
2.0
320.0
2.0
2.0
0.0
0.0
0.0
0.0
0.0
42.0
0.0
4.0
0.0
3.0
203.0
0.0
0.0
0.0
0.0
7.0
0.0
0.0
36.0
0.0
41.0
0.0
32.0
0.0
0.0
0.0
0.0
0.0
0.0
0.0
0.0
130.0
0.0
0.0
19.0
0.0
0.0
0.0
0.0
1.0
0.0
0.0
0.0
0.0
0.0
0.0
3.0
0.0
1000.0
0.0
45.0
0.0
36.0
0.0
0.0
2.0
7.0
28.0
1.0
37.0
26.0
29.0
0.0
38.0
0.0
2.0
0.0
0.0
0.0
0.0
2.0
0.0
0.0
1.0
0.0
0.0
33.0
0.0
1.0
0.0
2.0
0.0
0.0
0.0
38.0
0.0
0.0
0.0
0.0
42.0
538.0
63.0
0.0
0.0
1.0
40.0
0.0
0.0
820.0
0.0
37.0
1.0
4.0
32.0
0.0
0.0
0.0
0.0
3.0
4.0
0.0
0.0
9.0
6.0
2.0
0.0
26.0
0.0
0.0
1.0
0.0
0.0
0.0
1.0
0.0
2.0
0.0
29.0
1.0
0.0
0.0
0.0
0.0
1.0
1000.0
1000.0
0.0
1.0
0.0
0.0
0.0
0.0
8.0
6.0
0.0
35.0
0.0
0.0
0.0
0.0
0.0
2.0
0.0
0.0
0.0
2.0
1000.0
0.0
10.0
0.0
0.0
2.0
2.0
4.0
0.0
10.0
0.0
1.0
0.0
22.0
0.0
0.0
0.0
2.0
0.0
0.0
0.0
0.0
0.0
0.0
0.0
0.0
44.0
1.0
35.0
2.0
2.0
0.0
4.0
34.0
0.0
3.0
0.0
0.0
0.0
0.0
0.0
2.0
12.0
693.0
0.0
2.0
0.0
44.0
0.0
26.0
0.0
0.0
38.0
0.0
0.0
3.0
2.0
0.0
1.0
0.0
3.0
33.0
0.0
1.0
0.0
906.0
42.0
0.0
0.0
0.0
0.0
0.0
0.0
0.0
1.0
24.0
0.0
0.0
0.0
0.0
0.0
0.0
0.0
0.0
2.0
0.0
1.0
1.0
0.0
31.0
1.0
0.0
2.0
0.0
0.0
0.0
0.0
323.0
3.0
0.0
0.0
0.0
38.0
0.0
14.0
0.0
0.0
6.0
0.0
0.0
0.0
42.0
0.0
0.0
2.0
0.0
0.0
24.0
41.0
31.0
4.0
0.0
0.0
0.0
0.0
1.0
3.0
37.0
3.0
36.0
33.0
36.0
1.0
0.0
31.0
4.0
0.0
37.0
0.0
1.0
0.0
41.0
0.0
34.0
0.0
0.0
0.0
0.0
0.0
0.0
0.0
44.0
0.0
33.0
1.0
0.0
1.0
1.0
0.0
23.0
0.0
0.0
0.0
488.0
42.0
0.0
2.0
0.0
0.0
1.0
0.0
0.0
0.0
0.0
0.0
0.0
0.0
0.0
2.0
28.0
862.0
37.0
0.0
28.0
43.0
0.0
33.0
0.0
0.0
0.0
0.0
29.0
43.0
0.0
0.0
4.0
0.0
45.0
0.0
1.0
0.0
0.0
30.0
0.0
0.0
0.0
0.0
1.0
0.0
0.0
1.0
31.0
0.0
0.0
2.0
7.0
1.0
31.0
0.0
29.0
75.0
0.0
0.0
0.0
185.0
3.0
0.0
0.0
1.0
0.0
0.0
2.0
0.0
40.0
5.0
0.0
0.0
0.0
0.0
1.0
2.0
41.0
1.0
0.0
31.0
0.0
26.0
1.0
0.0
15.0
0.0
650.0
26.0
0.0
1.0
1.0
4.0
1.0
0.0
22.0
2.0
0.0
1.0
27.0
0.0
37.0
36.0
0.0
594.0
0.0
0.0
49.0
38.0
1.0
0.0
2.0
1.0
3.0
847.0
0.0
0.0
35.0
47.0
0.0
0.0
34.0
0.0
962.0
2.0
0.0
0.0
30.0
22.0
0.0
0.0
0.0
30.0
0.0
0.0
0.0
0.0
30.0
0.0
2.0
0.0
45.0
1.0
3.0
0.0
25.0
2.0
8.0
3.0
11.0
0.0
0.0
30.0
30.0
28.0
0.0
29.0
0.0
0.0
0.0
0.0
0.0
35.0
0.0
0.0
0.0
24.0
6.0
1000.0
30.0
0.0
1.0
0.0
1.0
0.0
0.0
3.0
0.0
1.0
36.0
51.0
0.0
855.0
0.0
1.0
0.0
0.0
0.0
3.0
0.0
0.0
34.0
0.0
0.0
0.0
3.0
0.0
23.0
102.0
0.0
31.0
0.0
99.0
35.0
1.0
0.0
0.0
0.0
0.0
0.0
0.0
0.0
1.0
0.0
0.0
0.0
2.0
33.0
29.0
0.0
34.0
2.0
3.0
3.0
1.0
0.0
36.0
33.0
219.0
0.0
0.0
0.0
0.0
29.0
0.0
0.0
3.0
0.0
2.0
0.0
0.0
0.0
0.0
0.0
34.0
38.0
0.0
0.0
0.0
0.0
0.0
0.0
31.0
7.0
0.0
29.0
0.0
1.0
0.0
51.0
1.0
0.0
5.0
51.0
1.0
1.0
0.0
54.0
0.0
200.0
41.0
1.0
4.0
1.0
32.0
35.0
0.0
407.0
0.0
41.0
3.0
31.0
1.0
1.0
0.0
231.0
5.0
31.0
44.0
28.0
0.0
45.0
28.0
0.0
0.0
0.0
0.0
1000.0
1.0
1.0
6.0
0.0
1.0
5.0
209.0
0.0
0.0
0.0
0.0
40.0
0.0
0.0
1.0
0.0
1.0
4.0
1.0
30.0
0.0
32.0
30.0
1.0
9.0
38.0
0.0
2.0
0.0
0.0
35.0
4.0
71.0
35.0
0.0
0.0
3.0
28.0
37.0
40.0
30.0
0.0
114.0
1.0
2.0
35.0
0.0
15.0
34.0
185.0
38.0
0.0
49.0
2.0
0.0
0.0
42.0
59.0
0.0
2.0
38.0
0.0
1.0
3.0
568.0
4.0
4.0
29.0
0.0
5.0
0.0
3.0
139.0
3.0
34.0
1.0
0.0
2.0
4.0
2.0
19.0
29.0
3.0
35.0
0.0
30.0
33.0
1.0
26.0
3.0
0.0
29.0
43.0
4.0
54.0
22.0
0.0
570.0
0.0
0.0
0.0
0.0
0.0
2.0
0.0
2.0
36.0
47.0
426.0
3.0
5.0
0.0
43.0
14.0
994.0
38.0
24.0
419.0
44.0
0.0
0.0
39.0
26.0
0.0
5.0
0.0
2.0
34.0
4.0
0.0
209.0
21.0
134.0
0.0
0.0
34.0
37.0
56.0
37.0
35.0
35.0
36.0
35.0
35.0
3.0
37.0
1.0
566.0
22.0
33.0
30.0
35.0
34.0
26.0
0.0
42.0
33.0
35.0
43.0
39.0
32.0
33.0
35.0
38.0
0.0
1.0
0.0
0.0
0.0
0.0
0.0
3.0
0.0
0.0
0.0
0.0
0.0
1.0
0.0
0.0
0.0
0.0
0.0
0.0
1.0
0.0
0.0
0.0
0.0
0.0
0.0
0.0
0.0
0.0
0.0
0.0
0.0
34.0
0.0
0.0
0.0
0.0
0.0
26.0
0.0
0.0
36.0
0.0
0.0
0.0
0.0
0.0
0.0
2.0
0.0
0.0
0.0
0.0
0.0
791.0
36.0
0.0
0.0
0.0
0.0
34.0
0.0
0.0
0.0
0.0
0.0
0.0
0.0
0.0
0.0
41.0
0.0
0.0
0.0
44.0
0.0
0.0
0.0
0.0
0.0
0.0
0.0
0.0
0.0
33.0
0.0
0.0
39.0
0.0
0.0
1.0
0.0
0.0
0.0
0.0
0.0
0.0
50.0
0.0
0.0
0.0
0.0
0.0
0.0
0.0
0.0
33.0
0.0
0.0
0.0
0.0
0.0
0.0
4.0
0.0
0.0
0.0
1000.0
0.0
0.0
0.0
1.0
0.0
0.0
33.0
0.0
0.0
2.0
0.0
38.0
0.0
0.0
0.0
0.0
962.0
0.0
0.0
1.0
0.0
1.0
35.0
0.0
0.0
0.0
0.0
0.0
0.0
0.0
0.0
0.0
0.0
0.0
35.0
3.0
0.0
0.0
0.0
0.0
0.0
0.0
0.0
0.0
0.0
0.0
74.0
47.0
0.0
0.0
0.0
1.0
55.0
1.0
0.0
0.0
0.0
0.0
0.0
0.0
0.0
0.0
0.0
0.0
0.0
0.0
0.0
0.0
0.0
0.0
0.0
0.0
0.0
0.0
0.0
0.0
42.0
0.0
0.0
0.0
0.0
1.0
0.0
0.0
47.0
0.0
40.0
0.0
0.0
0.0
0.0
0.0
0.0
0.0
0.0
2.0
0.0
0.0
0.0
0.0
38.0
0.0
0.0
0.0
0.0
0.0
0.0
2.0
0.0
0.0
0.0
0.0
0.0
33.0
0.0
0.0
0.0
0.0
35.0
0.0
0.0
0.0
0.0
0.0
0.0
0.0
0.0
0.0
0.0
0.0
0.0
0.0
0.0
0.0
0.0
0.0
0.0
0.0
0.0
3.0
0.0
42.0
0.0
0.0
0.0
1000.0
0.0
0.0
0.0
0.0
0.0
0.0
0.0
0.0
0.0
0.0
0.0
0.0
0.0
9.0
0.0
87.0
0.0
0.0
0.0
0.0
0.0
0.0
38.0
0.0
0.0
0.0
0.0
0.0
0.0
0.0
23.0
0.0
0.0
0.0
1.0
0.0
0.0
28.0
0.0
1.0
0.0
0.0
0.0
40.0
0.0
0.0
0.0
1.0
0.0
0.0
0.0
0.0
0.0
1.0
0.0
0.0
0.0
0.0
0.0
0.0
1.0
0.0
0.0
0.0
0.0
0.0
0.0
0.0
31.0
0.0
0.0
0.0
34.0
0.0
0.0
0.0
0.0
0.0
0.0
0.0
0.0
0.0
0.0
0.0
1.0
0.0
1000.0
0.0
1.0
0.0
0.0
0.0
0.0
0.0
0.0
0.0
2.0
0.0
0.0
39.0
0.0
0.0
0.0
0.0
1.0
0.0
0.0
0.0
0.0
0.0
0.0
0.0
34.0
0.0
373.0
0.0
0.0
1.0
40.0
0.0
0.0
0.0
0.0
0.0
0.0
4.0
0.0
0.0
0.0
0.0
0.0
0.0
0.0
0.0
0.0
0.0
0.0
0.0
0.0
0.0
0.0
35.0
0.0
0.0
0.0
0.0
0.0
35.0
0.0
0.0
0.0
0.0
33.0
0.0
0.0
0.0
77.0
0.0
0.0
0.0
0.0
45.0
0.0
861.0
0.0
1000.0
0.0
0.0
0.0
0.0
0.0
464.0
0.0
0.0
0.0
0.0
0.0
0.0
0.0
44.0
0.0
37.0
0.0
0.0
1.0
0.0
31.0
0.0
0.0
0.0
0.0
0.0
35.0
0.0
0.0
0.0
0.0
0.0
2.0
1.0
0.0
29.0
0.0
0.0
42.0
0.0
0.0
0.0
0.0
0.0
0.0
0.0
0.0
35.0
0.0
0.0
0.0
0.0
0.0
0.0
0.0
0.0
0.0
0.0
780.0
0.0
0.0
0.0
0.0
30.0
0.0
0.0
0.0
33.0
0.0
0.0
0.0
4.0
0.0
0.0
4.0
3.0
0.0
0.0
0.0
0.0
0.0
0.0
0.0
0.0
0.0
0.0
0.0
0.0
0.0
0.0
0.0
0.0
0.0
1.0
34.0
0.0
2.0
0.0
0.0
0.0
0.0
0.0
0.0
82.0
0.0
0.0
0.0
0.0
0.0
0.0
0.0
32.0
0.0
0.0
1.0
2.0
0.0
0.0
0.0
36.0
51.0
0.0
0.0
0.0
0.0
0.0
0.0
0.0
0.0
37.0
0.0
0.0
0.0
24.0
0.0
0.0
0.0
1.0
0.0
0.0
0.0
0.0
0.0
0.0
0.0
0.0
30.0
0.0
0.0
0.0
0.0
0.0
1.0
0.0
0.0
0.0
33.0
0.0
1.0
0.0
0.0
0.0
0.0
0.0
0.0
1.0
0.0
35.0
0.0
0.0
0.0
40.0
0.0
0.0
4.0
993.0
0.0
0.0
0.0
0.0
43.0
36.0
0.0
0.0
0.0
0.0
0.0
0.0
7.0
0.0
16.0
0.0
0.0
0.0
0.0
23.0
0.0
0.0
0.0
0.0
0.0
37.0
0.0
36.0
0.0
0.0
0.0
0.0
0.0
0.0
32.0
0.0
0.0
0.0
0.0
41.0
0.0
0.0
0.0
0.0
0.0
0.0
0.0
0.0
0.0
28.0
0.0
0.0
0.0
0.0
0.0
0.0
0.0
1.0
0.0
0.0
0.0
0.0
29.0
0.0
0.0
0.0
0.0
2.0
0.0
2.0
0.0
0.0
999.0
0.0
0.0
0.0
0.0
0.0
44.0
0.0
0.0
0.0
0.0
1.0
0.0
0.0
291.0
0.0
0.0
2.0
0.0
957.0
35.0
0.0
0.0
1.0
11.0
0.0
0.0
37.0
0.0
0.0
1.0
0.0
0.0
0.0
0.0
0.0
0.0
0.0
0.0
0.0
1.0
0.0
0.0
0.0
1000.0
0.0
0.0
0.0
0.0
0.0
0.0
0.0
0.0
36.0
0.0
31.0
0.0
0.0
2.0
0.0
0.0
42.0
0.0
0.0
0.0
0.0
0.0
0.0
32.0
0.0
0.0
0.0
0.0
0.0
0.0
0.0
0.0
0.0
0.0
0.0
37.0
30.0
0.0
0.0
27.0
0.0
0.0
0.0
0.0
0.0
0.0
1.0
0.0
39.0
28.0
0.0
460.0
0.0
0.0
0.0
0.0
0.0
0.0
0.0
34.0
0.0
0.0
0.0
0.0
0.0
0.0
0.0
0.0
0.0
0.0
0.0
0.0
0.0
1000.0
38.0
0.0
0.0
0.0
0.0
0.0
46.0
0.0
0.0
0.0
40.0
0.0
0.0
37.0
0.0
0.0
0.0
0.0
0.0
27.0
0.0
0.0
0.0
29.0
3.0
0.0
38.0
0.0
0.0
0.0
44.0
0.0
0.0
0.0
2.0
39.0
0.0
1.0
0.0
0.0
0.0
0.0
0.0
0.0
0.0
0.0
0.0
0.0
0.0
0.0
93.0
0.0
45.0
0.0
0.0
0.0
0.0
0.0
0.0
0.0
0.0
0.0
0.0
0.0
0.0
91.0
0.0
0.0
0.0
0.0
1.0
0.0
0.0
0.0
34.0
0.0
0.0
34.0
0.0
0.0
0.0
0.0
0.0
0.0
0.0
0.0
0.0
0.0
0.0
0.0
0.0
0.0
0.0
0.0
0.0
1.0
0.0
0.0
0.0
0.0
0.0
0.0
0.0
0.0
0.0
0.0
0.0
0.0
0.0
0.0
0.0
3.0
0.0
0.0
0.0
26.0
0.0
0.0
0.0
0.0
45.0
88.0
0.0
0.0
0.0
0.0
0.0
0.0
0.0
0.0
5.0
0.0
32.0
0.0
0.0
0.0
0.0
0.0
0.0
0.0
1.0
0.0
0.0
0.0
0.0
0.0
0.0
0.0
1.0
0.0
0.0
0.0
0.0
0.0
0.0
0.0
0.0
0.0
0.0
0.0
0.0
0.0
0.0
0.0
3.0
0.0
0.0
0.0
32.0
15.0
0.0
0.0
0.0
0.0
0.0
0.0
46.0
43.0
0.0
0.0
0.0
33.0
0.0
0.0
0.0
6.0
0.0
0.0
0.0
0.0
0.0
0.0
0.0
1.0
0.0
1000.0
0.0
2.0
0.0
0.0
0.0
0.0
0.0
0.0
0.0
37.0
2.0
0.0
0.0
0.0
0.0
0.0
0.0
1.0
43.0
0.0
125.0
0.0
0.0
34.0
1.0
2.0
0.0
1.0
0.0
0.0
0.0
0.0
37.0
27.0
0.0
455.0
0.0
0.0
0.0
0.0
0.0
835.0
0.0
35.0
6.0
0.0
40.0
0.0
0.0
0.0
3.0
0.0
0.0
0.0
0.0
0.0
0.0
0.0
0.0
0.0
0.0
0.0
0.0
0.0
1.0
0.0
0.0
0.0
0.0
0.0
0.0
0.0
0.0
0.0
0.0
0.0
0.0
29.0
0.0
0.0
0.0
32.0
0.0
0.0
0.0
0.0
0.0
0.0
0.0
0.0
0.0
0.0
0.0
0.0
7.0
0.0
0.0
0.0
0.0
0.0
0.0
0.0
0.0
0.0
0.0
0.0
0.0
0.0
0.0
0.0
0.0
2.0
0.0
14.0
0.0
0.0
1.0
0.0
0.0
0.0
0.0
29.0
43.0
38.0
0.0
1.0
193.0
0.0
0.0
0.0
0.0
0.0
0.0
0.0
0.0
0.0
1000.0
0.0
0.0
2.0
0.0
0.0
0.0
0.0
0.0
0.0
0.0
0.0
0.0
26.0
1.0
0.0
2.0
0.0
0.0
0.0
3.0
0.0
0.0
0.0
0.0
0.0
0.0
0.0
0.0
0.0
0.0
0.0
0.0
0.0
0.0
0.0
0.0
0.0
0.0
0.0
0.0
0.0
7.0
0.0
34.0
704.0
0.0
0.0
0.0
0.0
35.0
0.0
0.0
0.0
0.0
0.0
3.0
0.0
0.0
0.0
0.0
0.0
0.0
0.0
0.0
0.0
460.0
0.0
0.0
207.0
0.0
37.0
0.0
0.0
0.0
0.0
0.0
32.0
805.0
0.0
0.0
0.0
38.0
0.0
5.0
42.0
0.0
0.0
0.0
0.0
3.0
26.0
0.0
0.0
0.0
0.0
0.0
0.0
0.0
0.0
0.0
0.0
0.0
0.0
1.0
0.0
0.0
0.0
1.0
0.0
0.0
2.0
4.0
0.0
0.0
0.0
0.0
0.0
0.0
0.0
0.0
0.0
0.0
48.0
0.0
0.0
448.0
0.0
0.0
40.0
34.0
0.0
0.0
3.0
39.0
0.0
0.0
0.0
0.0
0.0
2.0
0.0
0.0
0.0
0.0
30.0
0.0
0.0
0.0
0.0
0.0
39.0
0.0
0.0
0.0
0.0
0.0
0.0
0.0
0.0
0.0
2.0
0.0
0.0
0.0
0.0
34.0
0.0
0.0
0.0
0.0
0.0
1000.0
985.0
0.0
0.0
0.0
0.0
0.0
30.0
0.0
0.0
0.0
0.0
1.0
0.0
0.0
0.0
0.0
0.0
0.0
0.0
0.0
0.0
0.0
0.0
0.0
0.0
0.0
0.0
0.0
0.0
0.0
0.0
36.0
1000.0
0.0
0.0
0.0
0.0
0.0
0.0
339.0
0.0
0.0
0.0
31.0
0.0
0.0
0.0
0.0
0.0
99.0
0.0
0.0
0.0
0.0
0.0
0.0
0.0
4.0
0.0
0.0
0.0
37.0
0.0
0.0
0.0
30.0
0.0
0.0
0.0
0.0
0.0
0.0
1000.0
0.0
0.0
26.0
1.0
0.0
0.0
0.0
0.0
0.0
0.0
0.0
0.0
39.0
470.0
0.0
0.0
0.0
0.0
0.0
0.0
444.0
0.0
42.0
38.0
0.0
0.0
0.0
0.0
0.0
0.0
0.0
0.0
106.0
3.0
0.0
0.0
0.0
35.0
0.0
0.0
34.0
0.0
3.0
0.0
39.0
33.0
0.0
0.0
0.0
2.0
0.0
0.0
0.0
28.0
43.0
0.0
0.0
1.0
0.0
0.0
36.0
0.0
0.0
0.0
203.0
0.0
0.0
0.0
2.0
0.0
0.0
0.0
48.0
0.0
0.0
0.0
0.0
0.0
0.0
0.0
0.0
3.0
2.0
0.0
0.0
0.0
0.0
0.0
0.0
1.0
0.0
0.0
0.0
0.0
44.0
0.0
0.0
0.0
0.0
1000.0
0.0
0.0
0.0
0.0
0.0
0.0
0.0
0.0
0.0
38.0
0.0
0.0
0.0
0.0
28.0
1.0
0.0
30.0
0.0
0.0
1000.0
0.0
0.0
0.0
0.0
166.0
0.0
0.0
1000.0
0.0
0.0
0.0
1.0
0.0
0.0
39.0
0.0
0.0
0.0
0.0
0.0
0.0
0.0
77.0
0.0
83.0
0.0
0.0
0.0
0.0
0.0
1.0
0.0
0.0
0.0
13.0
0.0
0.0
0.0
0.0
0.0
0.0
0.0
0.0
39.0
0.0
1000.0
0.0
0.0
0.0
0.0
0.0
0.0
41.0
0.0
0.0
0.0
0.0
0.0
0.0
0.0
0.0
0.0
1000.0
0.0
30.0
0.0
0.0
0.0
0.0
37.0
22.0
0.0
0.0
0.0
0.0
0.0
31.0
0.0
0.0
0.0
0.0
1.0
0.0
0.0
0.0
0.0
0.0
34.0
0.0
32.0
0.0
4.0
32.0
0.0
4.0
0.0
0.0
0.0
0.0
32.0
0.0
0.0
0.0
0.0
2.0
0.0
0.0
0.0
0.0
0.0
0.0
0.0
0.0
0.0
0.0
0.0
0.0
0.0
0.0
0.0
0.0
0.0
3.0
0.0
0.0
3.0
0.0
2.0
0.0
720.0
28.0
35.0
0.0
0.0
0.0
0.0
0.0
0.0
0.0
0.0
515.0
0.0
0.0
0.0
0.0
3.0
0.0
0.0
852.0
0.0
0.0
1.0
0.0
0.0
0.0
0.0
0.0
0.0
0.0
0.0
0.0
0.0
0.0
2.0
0.0
0.0
0.0
0.0
0.0
37.0
0.0
0.0
0.0
1.0
1.0
0.0
0.0
0.0
1.0
2.0
0.0
3.0
0.0
79.0
0.0
0.0
0.0
0.0
1.0
0.0
26.0
0.0
0.0
0.0
0.0
0.0
0.0
0.0
0.0
0.0
0.0
0.0
0.0
0.0
2.0
0.0
0.0
0.0
0.0
0.0
0.0
0.0
0.0
0.0
0.0
0.0
27.0
1.0
0.0
0.0
0.0
0.0
0.0
0.0
1.0
2.0
0.0
0.0
43.0
0.0
0.0
0.0
0.0
0.0
0.0
0.0
0.0
0.0
0.0
0.0
0.0
0.0
0.0
36.0
110.0
0.0
0.0
41.0
0.0
0.0
0.0
0.0
0.0
0.0
0.0
0.0
0.0
0.0
0.0
0.0
0.0
0.0
0.0
5.0
0.0
1.0
1.0
0.0
0.0
0.0
0.0
41.0
0.0
0.0
2.0
972.0
0.0
0.0
0.0
0.0
0.0
2.0
0.0
0.0
0.0
0.0
0.0
0.0
0.0
0.0
0.0
0.0
0.0
0.0
0.0
0.0
31.0
0.0
0.0
0.0
0.0
0.0
0.0
36.0
0.0
0.0
1.0
0.0
0.0
0.0
0.0
0.0
0.0
38.0
0.0
1.0
0.0
0.0
44.0
0.0
39.0
0.0
0.0
50.0
0.0
0.0
31.0
0.0
1.0
0.0
0.0
0.0
0.0
0.0
0.0
0.0
0.0
0.0
0.0
6.0
0.0
46.0
0.0
0.0
0.0
0.0
0.0
0.0
34.0
0.0
0.0
0.0
31.0
0.0
0.0
0.0
0.0
60.0
0.0
0.0
32.0
0.0
0.0
30.0
40.0
43.0
51.0
0.0
0.0
0.0
0.0
0.0
0.0
0.0
611.0
0.0
0.0
0.0
1.0
28.0
0.0
0.0
0.0
0.0
0.0
2.0
0.0
0.0
0.0
0.0
0.0
0.0
0.0
0.0
0.0
0.0
0.0
0.0
0.0
0.0
0.0
0.0
0.0
0.0
0.0
0.0
0.0
0.0
38.0
0.0
0.0
0.0
0.0
0.0
0.0
2.0
0.0
0.0
0.0
42.0
0.0
1.0
0.0
1.0
0.0
0.0
0.0
37.0
0.0
0.0
0.0
0.0
0.0
44.0
0.0
243.0
0.0
0.0
28.0
0.0
0.0
0.0
1000.0
0.0
1.0
1.0
0.0
0.0
0.0
1.0
0.0
0.0
0.0
0.0
0.0
0.0
40.0
2.0
0.0
0.0
0.0
0.0
0.0
0.0
0.0
0.0
39.0
0.0
40.0
0.0
1000.0
1000.0
0.0
0.0
0.0
0.0
0.0
0.0
0.0
0.0
0.0
0.0
0.0
36.0
0.0
0.0
0.0
0.0
0.0
33.0
35.0
0.0
0.0
0.0
0.0
0.0
0.0
0.0
1.0
0.0
0.0
0.0
0.0
0.0
0.0
0.0
0.0
0.0
1.0
3.0
0.0
0.0
0.0
0.0
0.0
0.0
0.0
0.0
41.0
0.0
0.0
34.0
0.0
0.0
0.0
0.0
2.0
0.0
0.0
0.0
28.0
0.0
0.0
22.0
0.0
2.0
0.0
33.0
0.0
0.0
0.0
0.0
0.0
0.0
0.0
0.0
0.0
0.0
0.0
34.0
0.0
1.0
0.0
0.0
0.0
48.0
5.0
2.0
0.0
0.0
0.0
0.0
0.0
734.0
0.0
0.0
0.0
0.0
0.0
0.0
0.0
0.0
0.0
0.0
0.0
0.0
0.0
0.0
0.0
40.0
0.0
0.0
0.0
0.0
45.0
0.0
0.0
0.0
0.0
634.0
2.0
0.0
0.0
0.0
0.0
41.0
0.0
0.0
0.0
0.0
0.0
0.0
0.0
0.0
993.0
0.0
0.0
3.0
0.0
0.0
0.0
0.0
0.0
0.0
0.0
2.0
0.0
0.0
0.0
1.0
0.0
0.0
0.0
0.0
0.0
12.0
0.0
0.0
0.0
0.0
0.0
0.0
0.0
0.0
0.0
0.0
0.0
33.0
0.0
0.0
0.0
0.0
0.0
50.0
0.0
0.0
0.0
0.0
0.0
0.0
0.0
0.0
0.0
3.0
0.0
0.0
0.0
0.0
0.0
0.0
0.0
0.0
0.0
0.0
1.0
51.0
0.0
2.0
2.0
0.0
0.0
0.0
0.0
0.0
2.0
0.0
0.0
2.0
0.0
0.0
0.0
0.0
22.0
1.0
0.0
34.0
0.0
0.0
0.0
0.0
0.0
0.0
0.0
0.0
0.0
0.0
0.0
0.0
0.0
0.0
0.0
0.0
0.0
0.0
0.0
0.0
0.0
0.0
33.0
0.0
0.0
0.0
0.0
0.0
0.0
29.0
0.0
0.0
0.0
0.0
0.0
0.0
0.0
0.0
3.0
0.0
0.0
0.0
0.0
0.0
0.0
0.0
0.0
0.0
1.0
34.0
0.0
0.0
0.0
0.0
0.0
0.0
0.0
0.0
0.0
32.0
31.0
0.0
32.0
0.0
0.0
30.0
0.0
0.0
30.0
0.0
32.0
0.0
0.0
0.0
0.0
0.0
0.0
0.0
0.0
38.0
962.0
36.0
0.0
0.0
0.0
0.0
0.0
0.0
31.0
0.0
0.0
0.0
0.0
0.0
1.0
1.0
0.0
0.0
1.0
0.0
0.0
0.0
0.0
0.0
35.0
0.0
0.0
0.0
0.0
0.0
0.0
23.0
2.0
0.0
6.0
25.0
0.0
0.0
0.0
44.0
0.0
0.0
0.0
0.0
0.0
0.0
0.0
0.0
0.0
0.0
0.0
24.0
0.0
0.0
0.0
0.0
0.0
0.0
0.0
28.0
0.0
0.0
0.0
0.0
1.0
0.0
0.0
0.0
1.0
1.0
0.0
32.0
0.0
0.0
0.0
0.0
0.0
0.0
0.0
0.0
44.0
0.0
34.0
0.0
0.0
0.0
1.0
0.0
0.0
0.0
0.0
0.0
0.0
0.0
0.0
31.0
0.0
0.0
0.0
35.0
1.0
0.0
0.0
0.0
0.0
0.0
0.0
0.0
0.0
0.0
34.0
0.0
0.0
0.0
0.0
0.0
0.0
3.0
0.0
0.0
0.0
0.0
0.0
24.0
0.0
0.0
0.0
0.0
0.0
0.0
39.0
0.0
0.0
0.0
0.0
34.0
0.0
0.0
0.0
0.0
0.0
0.0
0.0
0.0
0.0
34.0
0.0
0.0
0.0
0.0
0.0
2.0
0.0
0.0
0.0
0.0
29.0
0.0
0.0
0.0
0.0
0.0
0.0
1.0
0.0
0.0
0.0
0.0
0.0
0.0
0.0
0.0
1000.0
0.0
0.0
0.0
0.0
0.0
0.0
0.0
0.0
0.0
0.0
0.0
0.0
0.0
0.0
1.0
0.0
1.0
0.0
0.0
0.0
0.0
0.0
0.0
0.0
0.0
0.0
0.0
0.0
0.0
36.0
4.0
0.0
0.0
0.0
0.0
39.0
0.0
0.0
0.0
0.0
0.0
0.0
0.0
0.0
0.0
1000.0
0.0
0.0
0.0
1000.0
0.0
0.0
0.0
29.0
0.0
0.0
0.0
0.0
0.0
0.0
0.0
0.0
32.0
0.0
0.0
0.0
0.0
0.0
0.0
0.0
1.0
0.0
0.0
0.0
0.0
0.0
0.0
995.0
0.0
1.0
0.0
0.0
0.0
37.0
0.0
0.0
0.0
0.0
0.0
5.0
0.0
0.0
1.0
0.0
0.0
0.0
0.0
0.0
0.0
0.0
0.0
0.0
0.0
0.0
0.0
0.0
0.0
0.0
0.0
0.0
0.0
38.0
0.0
0.0
0.0
0.0
0.0
34.0
37.0
0.0
0.0
1000.0
0.0
0.0
0.0
3.0
0.0
14.0
0.0
0.0
0.0
0.0
32.0
0.0
0.0
0.0
0.0
0.0
0.0
0.0
0.0
0.0
0.0
0.0
1.0
0.0
32.0
1.0
0.0
0.0
0.0
37.0
0.0
0.0
0.0
0.0
0.0
0.0
0.0
0.0
0.0
0.0
0.0
0.0
57.0
0.0
0.0
0.0
0.0
0.0
0.0
0.0
0.0
0.0
0.0
0.0
0.0
8.0
0.0
0.0
0.0
0.0
0.0
0.0
0.0
0.0
0.0
0.0
0.0
0.0
0.0
2.0
0.0
0.0
0.0
0.0
0.0
0.0
1.0
0.0
0.0
0.0
31.0
0.0
0.0
34.0
0.0
0.0
0.0
0.0
0.0
0.0
0.0
28.0
0.0
0.0
0.0
0.0
0.0
0.0
0.0
0.0
0.0
0.0
1.0
42.0
0.0
0.0
0.0
39.0
0.0
0.0
0.0
1.0
25.0
1.0
0.0
0.0
0.0
0.0
37.0
37.0
0.0
0.0
1.0
0.0
0.0
0.0
0.0
0.0
0.0
0.0
0.0
1.0
0.0
0.0
0.0
0.0
0.0
9.0
0.0
31.0
0.0
3.0
0.0
0.0
0.0
0.0
0.0
0.0
0.0
0.0
0.0
0.0
0.0
0.0
0.0
0.0
0.0
0.0
0.0
0.0
0.0
27.0
0.0
0.0
37.0
0.0
0.0
0.0
0.0
0.0
0.0
0.0
0.0
39.0
0.0
0.0
0.0
0.0
2.0
10.0
0.0
466.0
0.0
1.0
0.0
0.0
34.0
0.0
0.0
0.0
0.0
0.0
0.0
0.0
0.0
0.0
0.0
1.0
0.0
0.0
0.0
1.0
0.0
0.0
0.0
40.0
39.0
0.0
458.0
0.0
0.0
0.0
0.0
0.0
0.0
0.0
0.0
0.0
0.0
0.0
1.0
0.0
0.0
0.0
0.0
40.0
0.0
0.0
0.0
0.0
31.0
0.0
0.0
0.0
0.0
0.0
0.0
0.0
0.0
34.0
33.0
0.0
44.0
0.0
0.0
0.0
0.0
0.0
0.0
0.0
0.0
0.0
0.0
0.0
0.0
27.0
0.0
1.0
0.0
0.0
0.0
0.0
0.0
0.0
0.0
0.0
52.0
1.0
0.0
0.0
0.0
0.0
2.0
0.0
0.0
0.0
1.0
0.0
2.0
43.0
37.0
461.0
0.0
0.0
0.0
0.0
0.0
0.0
1.0
0.0
0.0
0.0
0.0
0.0
0.0
0.0
0.0
0.0
0.0
0.0
0.0
0.0
0.0
0.0
0.0
0.0
0.0
0.0
0.0
0.0
0.0
0.0
0.0
0.0
0.0
42.0
0.0
0.0
0.0
0.0
0.0
0.0
0.0
439.0
0.0
0.0
0.0
0.0
0.0
39.0
0.0
45.0
2.0
30.0
88.0
0.0
0.0
0.0
0.0
0.0
0.0
34.0
0.0
1.0
0.0
0.0
0.0
38.0
33.0
205.0
0.0
0.0
0.0
0.0
0.0
0.0
64.0
0.0
0.0
0.0
25.0
0.0
2.0
0.0
0.0
32.0
0.0
0.0
0.0
433.0
0.0
0.0
0.0
1.0
0.0
0.0
30.0
0.0
24.0
0.0
2.0
0.0
1.0
0.0
0.0
0.0
0.0
0.0
0.0
0.0
0.0
0.0
0.0
0.0
0.0
0.0
0.0
0.0
43.0
0.0
0.0
0.0
0.0
0.0
0.0
43.0
0.0
0.0
0.0
0.0
0.0
44.0
1.0
30.0
0.0
0.0
0.0
0.0
0.0
0.0
0.0
0.0
0.0
0.0
0.0
0.0
0.0
0.0
42.0
0.0
40.0
0.0
0.0
0.0
90.0
41.0
0.0
39.0
0.0
40.0
0.0
0.0
0.0
0.0
0.0
0.0
0.0
37.0
0.0
0.0
0.0
33.0
0.0
0.0
0.0
0.0
39.0
0.0
0.0
0.0
0.0
0.0
0.0
0.0
0.0
0.0
0.0
0.0
0.0
0.0
33.0
0.0
0.0
0.0
0.0
0.0
0.0
0.0
0.0
0.0
0.0
0.0
0.0
0.0
0.0
1000.0
2.0
0.0
0.0
0.0
0.0
0.0
0.0
9.0
0.0
0.0
0.0
0.0
0.0
0.0
0.0
0.0
0.0
0.0
23.0
0.0
0.0
0.0
2.0
0.0
0.0
0.0
0.0
0.0
0.0
0.0
0.0
0.0
0.0
0.0
0.0
33.0
0.0
0.0
0.0
0.0
0.0
0.0
0.0
0.0
0.0
0.0
0.0
0.0
31.0
841.0
1.0
3.0
28.0
0.0
0.0
0.0
0.0
0.0
0.0
0.0
38.0
0.0
0.0
1.0
0.0
0.0
33.0
0.0
0.0
0.0
0.0
0.0
0.0
0.0
0.0
0.0
0.0
30.0
1.0
0.0
0.0
1.0
2.0
28.0
43.0
0.0
0.0
0.0
1000.0
0.0
4.0
0.0
80.0
0.0
0.0
0.0
0.0
0.0
0.0
41.0
0.0
0.0
0.0
0.0
0.0
0.0
0.0
20.0
0.0
0.0
27.0
0.0
0.0
0.0
0.0
1.0
0.0
0.0
0.0
0.0
43.0
0.0
0.0
2.0
0.0
0.0
0.0
0.0
0.0
0.0
0.0
0.0
0.0
0.0
0.0
3.0
0.0
0.0
39.0
0.0
0.0
0.0
0.0
0.0
0.0
0.0
0.0
0.0
0.0
2.0
3.0
0.0
0.0
0.0
0.0
0.0
0.0
0.0
0.0
35.0
22.0
0.0
36.0
0.0
0.0
0.0
0.0
0.0
0.0
0.0
0.0
1.0
0.0
0.0
0.0
0.0
0.0
0.0
0.0
0.0
0.0
0.0
0.0
0.0
26.0
0.0
0.0
0.0
0.0
0.0
27.0
0.0
1.0
0.0
0.0
0.0
0.0
2.0
0.0
0.0
0.0
0.0
1000.0
0.0
0.0
0.0
0.0
0.0
0.0
0.0
39.0
0.0
44.0
0.0
1.0
0.0
0.0
38.0
38.0
2.0
0.0
0.0
0.0
1.0
1.0
0.0
0.0
1.0
0.0
0.0
29.0
0.0
0.0
0.0
1.0
0.0
0.0
0.0
0.0
33.0
0.0
0.0
0.0
0.0
0.0
31.0
0.0
41.0
0.0
0.0
0.0
0.0
0.0
0.0
0.0
0.0
0.0
0.0
0.0
0.0
0.0
0.0
0.0
1.0
0.0
0.0
0.0
34.0
0.0
0.0
0.0
0.0
595.0
0.0
1.0
0.0
0.0
0.0
0.0
0.0
0.0
0.0
0.0
0.0
0.0
0.0
1.0
0.0
0.0
0.0
0.0
0.0
489.0
0.0
0.0
2.0
0.0
0.0
0.0
28.0
0.0
0.0
7.0
0.0
26.0
0.0
0.0
0.0
0.0
1.0
0.0
0.0
0.0
0.0
0.0
0.0
0.0
2.0
252.0
0.0
0.0
0.0
0.0
0.0
0.0
18.0
33.0
0.0
0.0
0.0
0.0
0.0
0.0
0.0
0.0
0.0
0.0
0.0
0.0
0.0
0.0
0.0
0.0
0.0
1.0
0.0
0.0
0.0
44.0
0.0
0.0
38.0
0.0
0.0
39.0
443.0
0.0
0.0
0.0
0.0
35.0
0.0
0.0
2.0
0.0
39.0
0.0
2.0
0.0
0.0
0.0
0.0
0.0
0.0
0.0
0.0
29.0
0.0
0.0
37.0
30.0
0.0
36.0
28.0
0.0
0.0
0.0
0.0
0.0
0.0
0.0
0.0
0.0
0.0
0.0
0.0
0.0
0.0
32.0
0.0
0.0
1.0
0.0
41.0
41.0
37.0
38.0
0.0
0.0
0.0
0.0
0.0
0.0
0.0
0.0
0.0
0.0
0.0
0.0
0.0
0.0
0.0
0.0
0.0
1000.0
0.0
0.0
0.0
41.0
0.0
0.0
0.0
0.0
0.0
0.0
0.0
0.0
0.0
0.0
4.0
0.0
0.0
0.0
0.0
2.0
0.0
0.0
0.0
0.0
3.0
0.0
0.0
0.0
0.0
954.0
0.0
0.0
0.0
0.0
0.0
0.0
0.0
0.0
0.0
0.0
0.0
10.0
0.0
1.0
38.0
0.0
43.0
0.0
0.0
1.0
37.0
27.0
0.0
0.0
0.0
0.0
0.0
0.0
0.0
0.0
27.0
0.0
0.0
0.0
446.0
2.0
0.0
0.0
0.0
24.0
0.0
3.0
0.0
0.0
0.0
0.0
3.0
0.0
0.0
0.0
0.0
41.0
0.0
0.0
0.0
450.0
0.0
0.0
0.0
0.0
0.0
0.0
40.0
1.0
1.0
0.0
0.0
29.0
0.0
0.0
0.0
0.0
0.0
2.0
0.0
0.0
0.0
29.0
0.0
0.0
0.0
0.0
0.0
31.0
0.0
0.0
0.0
0.0
0.0
0.0
0.0
0.0
58.0
0.0
0.0
0.0
0.0
0.0
41.0
0.0
0.0
3.0
0.0
0.0
0.0
0.0
0.0
0.0
1.0
0.0
0.0
1000.0
0.0
1.0
0.0
0.0
40.0
40.0
0.0
0.0
32.0
0.0
0.0
0.0
0.0
0.0
0.0
0.0
0.0
0.0
0.0
0.0
0.0
0.0
3.0
29.0
8.0
0.0
0.0
0.0
0.0
0.0
3.0
91.0
0.0
0.0
6.0
0.0
8.0
1.0
0.0
0.0
0.0
29.0
0.0
0.0
0.0
0.0
0.0
0.0
0.0
0.0
0.0
1.0
37.0
497.0
0.0
0.0
0.0
0.0
0.0
0.0
0.0
0.0
0.0
0.0
0.0
0.0
5.0
0.0
0.0
0.0
0.0
36.0
1.0
34.0
0.0
0.0
1.0
0.0
0.0
0.0
0.0
0.0
25.0
0.0
0.0
0.0
0.0
999.0
0.0
0.0
36.0
0.0
1.0
3.0
0.0
0.0
0.0
0.0
0.0
0.0
0.0
1.0
0.0
0.0
0.0
0.0
0.0
0.0
0.0
0.0
0.0
1.0
33.0
0.0
0.0
0.0
0.0
0.0
0.0
0.0
0.0
19.0
39.0
0.0
26.0
0.0
26.0
48.0
0.0
2.0
0.0
0.0
1.0
0.0
0.0
0.0
0.0
2.0
0.0
0.0
0.0
1.0
0.0
0.0
0.0
0.0
2.0
0.0
0.0
2.0
0.0
0.0
0.0
0.0
0.0
0.0
0.0
0.0
0.0
0.0
0.0
0.0
0.0
38.0
0.0
0.0
0.0
553.0
0.0
0.0
43.0
0.0
0.0
0.0
29.0
36.0
48.0
0.0
32.0
0.0
0.0
0.0
0.0
0.0
0.0
10.0
0.0
2.0
0.0
0.0
31.0
44.0
0.0
32.0
0.0
2.0
0.0
0.0
0.0
0.0
0.0
38.0
36.0
1.0
0.0
209.0
0.0
0.0
0.0
0.0
0.0
0.0
0.0
0.0
3.0
40.0
0.0
0.0
0.0
0.0
0.0
0.0
0.0
956.0
0.0
36.0
1.0
112.0
0.0
0.0
0.0
0.0
0.0
0.0
1.0
0.0
0.0
0.0
0.0
0.0
0.0
0.0
0.0
0.0
4.0
0.0
0.0
1.0
0.0
0.0
0.0
0.0
1.0
1.0
0.0
0.0
0.0
47.0
0.0
0.0
1.0
0.0
0.0
1.0
0.0
0.0
0.0
42.0
0.0
0.0
0.0
1.0
0.0
0.0
9.0
0.0
34.0
0.0
0.0
39.0
0.0
0.0
0.0
0.0
0.0
31.0
0.0
0.0
35.0
0.0
43.0
0.0
0.0
0.0
0.0
0.0
0.0
0.0
0.0
0.0
0.0
0.0
0.0
0.0
0.0
0.0
1.0
0.0
0.0
40.0
0.0
0.0
0.0
37.0
31.0
1000.0
2.0
0.0
0.0
0.0
0.0
0.0
0.0
0.0
0.0
0.0
0.0
41.0
0.0
0.0
0.0
86.0
0.0
0.0
38.0
0.0
0.0
0.0
0.0
0.0
0.0
31.0
0.0
0.0
0.0
38.0
0.0
34.0
0.0
5.0
0.0
0.0
0.0
0.0
0.0
0.0
0.0
0.0
0.0
0.0
0.0
0.0
0.0
0.0
0.0
1000.0
0.0
0.0
0.0
0.0
0.0
0.0
0.0
0.0
0.0
33.0
0.0
0.0
0.0
53.0
0.0
0.0
31.0
0.0
1.0
0.0
0.0
0.0
0.0
0.0
578.0
34.0
0.0
0.0
0.0
31.0
0.0
0.0
0.0
0.0
6.0
1.0
0.0
0.0
0.0
35.0
1.0
1.0
0.0
3.0
0.0
0.0
0.0
0.0
0.0
0.0
34.0
0.0
0.0
0.0
0.0
0.0
2.0
0.0
0.0
0.0
0.0
0.0
0.0
0.0
1000.0
0.0
34.0
0.0
0.0
0.0
0.0
0.0
0.0
0.0
0.0
0.0
0.0
0.0
1000.0
1.0
0.0
0.0
0.0
40.0
0.0
84.0
1.0
0.0
1.0
0.0
0.0
0.0
0.0
35.0
0.0
0.0
0.0
0.0
0.0
0.0
2.0
0.0
0.0
0.0
0.0
1.0
0.0
2.0
0.0
0.0
0.0
0.0
0.0
0.0
0.0
0.0
0.0
0.0
0.0
0.0
0.0
756.0
3.0
0.0
0.0
0.0
0.0
0.0
35.0
1.0
0.0
0.0
0.0
459.0
0.0
0.0
0.0
0.0
132.0
0.0
0.0
34.0
0.0
33.0
0.0
33.0
0.0
0.0
0.0
0.0
0.0
0.0
0.0
0.0
0.0
0.0
0.0
33.0
1000.0
0.0
0.0
0.0
0.0
0.0
0.0
1.0
0.0
0.0
0.0
0.0
0.0
0.0
4.0
36.0
0.0
32.0
0.0
0.0
0.0
0.0
34.0
0.0
39.0
52.0
33.0
0.0
38.0
0.0
0.0
0.0
0.0
0.0
0.0
0.0
0.0
0.0
0.0
0.0
0.0
41.0
0.0
0.0
0.0
1.0
0.0
0.0
0.0
40.0
0.0
0.0
0.0
0.0
36.0
171.0
46.0
0.0
0.0
1.0
36.0
0.0
0.0
0.0
0.0
37.0
0.0
1.0
102.0
0.0
0.0
0.0
0.0
1.0
0.0
0.0
0.0
0.0
0.0
0.0
0.0
37.0
0.0
0.0
1.0
0.0
0.0
0.0
0.0
0.0
2.0
0.0
31.0
0.0
0.0
0.0
0.0
0.0
959.0
0.0
0.0
0.0
0.0
0.0
0.0
0.0
0.0
0.0
4.0
0.0
34.0
0.0
0.0
0.0
0.0
0.0
0.0
0.0
0.0
0.0
0.0
0.0
0.0
0.0
0.0
0.0
0.0
0.0
1.0
0.0
2.0
0.0
3.0
0.0
31.0
0.0
0.0
0.0
0.0
0.0
0.0
0.0
0.0
0.0
954.0
0.0
0.0
30.0
7.0
27.0
1.0
0.0
0.0
0.0
45.0
0.0
0.0
0.0
0.0
0.0
0.0
0.0
0.0
4.0
0.0
0.0
0.0
0.0
38.0
0.0
28.0
0.0
0.0
36.0
0.0
0.0
1.0
0.0
0.0
0.0
0.0
0.0
42.0
0.0
0.0
0.0
0.0
45.0
529.0
0.0
0.0
0.0
1.0
0.0
0.0
1.0
30.0
0.0
0.0
0.0
0.0
0.0
0.0
0.0
0.0
73.0
0.0
0.0
0.0
0.0
41.0
0.0
1.0
0.0
0.0
0.0
0.0
0.0
1.0
0.0
0.0
0.0
0.0
32.0
0.0
1.0
713.0
0.0
3.0
0.0
0.0
0.0
30.0
0.0
0.0
1.0
0.0
0.0
8.0
36.0
37.0
1.0
0.0
0.0
0.0
0.0
3.0
0.0
31.0
0.0
30.0
29.0
25.0
962.0
1000.0
38.0
0.0
0.0
30.0
0.0
0.0
726.0
37.0
1.0
35.0
0.0
0.0
0.0
0.0
0.0
1.0
4.0
39.0
0.0
28.0
0.0
0.0
0.0
0.0
0.0
35.0
0.0
0.0
0.0
496.0
26.0
0.0
1.0
0.0
0.0
0.0
0.0
0.0
0.0
0.0
0.0
0.0
0.0
0.0
0.0
19.0
13.0
36.0
0.0
32.0
43.0
0.0
29.0
0.0
0.0
0.0
0.0
30.0
82.0
0.0
0.0
4.0
0.0
32.0
0.0
0.0
0.0
0.0
30.0
0.0
0.0
0.0
0.0
0.0
0.0
0.0
0.0
36.0
0.0
0.0
0.0
7.0
0.0
30.0
0.0
40.0
512.0
1000.0
0.0
0.0
473.0
0.0
0.0
0.0
2.0
0.0
0.0
0.0
0.0
24.0
0.0
0.0
0.0
0.0
1.0
0.0
1.0
35.0
474.0
0.0
47.0
0.0
29.0
0.0
0.0
5.0
0.0
0.0
968.0
0.0
1.0
0.0
0.0
0.0
0.0
2.0
0.0
0.0
2.0
36.0
0.0
37.0
713.0
0.0
149.0
0.0
0.0
27.0
26.0
1.0
2.0
0.0
0.0
1.0
27.0
0.0
0.0
32.0
28.0
0.0
0.0
36.0
0.0
0.0
0.0
0.0
0.0
43.0
33.0
0.0
0.0
0.0
33.0
0.0
0.0
0.0
0.0
39.0
0.0
5.0
0.0
32.0
0.0
0.0
1000.0
34.0
0.0
24.0
0.0
8.0
0.0
1.0
959.0
41.0
26.0
0.0
38.0
0.0
0.0
0.0
0.0
0.0
33.0
0.0
0.0
0.0
36.0
0.0
0.0
36.0
4.0
1.0
0.0
0.0
0.0
0.0
2.0
0.0
0.0
45.0
49.0
0.0
21.0
0.0
0.0
0.0
9.0
0.0
0.0
0.0
0.0
32.0
0.0
0.0
0.0
1.0
0.0
36.0
0.0
0.0
30.0
0.0
1.0
23.0
5.0
1000.0
0.0
0.0
0.0
0.0
0.0
0.0
2.0
0.0
0.0
0.0
5.0
42.0
34.0
0.0
215.0
3.0
0.0
1.0
0.0
0.0
39.0
35.0
450.0
0.0
0.0
0.0
0.0
34.0
0.0
0.0
1.0
0.0
1.0
0.0
0.0
0.0
0.0
0.0
34.0
20.0
0.0
0.0
0.0
1.0
0.0
0.0
33.0
0.0
0.0
24.0
0.0
4.0
0.0
40.0
0.0
0.0
0.0
33.0
0.0
1.0
0.0
47.0
0.0
0.0
30.0
0.0
0.0
1.0
29.0
37.0
0.0
0.0
0.0
33.0
1.0
36.0
0.0
0.0
0.0
700.0
2.0
32.0
41.0
38.0
0.0
30.0
35.0
0.0
0.0
0.0
0.0
0.0
1.0
0.0
4.0
0.0
1.0
0.0
164.0
0.0
0.0
0.0
0.0
34.0
0.0
0.0
0.0
0.0
2.0
0.0
0.0
0.0
0.0
36.0
33.0
0.0
9.0
31.0
0.0
1.0
0.0
0.0
38.0
0.0
28.0
27.0
0.0
0.0
0.0
26.0
42.0
35.0
35.0
1000.0
52.0
0.0
0.0
27.0
0.0
3.0
39.0
2.0
26.0
0.0
45.0
0.0
0.0
0.0
34.0
43.0
1000.0
3.0
43.0
5.0
0.0
0.0
0.0
1.0
3.0
40.0
0.0
1.0
0.0
0.0
7.0
1.0
50.0
0.0
1000.0
0.0
0.0
0.0
6.0
42.0
3.0
34.0
3.0
36.0
30.0
0.0
32.0
0.0
0.0
39.0
57.0
0.0
44.0
18.0
0.0
95.0
2.0
0.0
1000.0
0.0
0.0
0.0
0.0
0.0
30.0
55.0
232.0
0.0
0.0
962.0
37.0
1.0
5.0
25.0
41.0
204.0
35.0
0.0
1000.0
36.0
28.0
0.0
1.0
0.0
0.0
37.0
21.0
0.0
160.0
1.0
85.0
0.0
0.0
38.0
38.0
29.0
33.0
36.0
36.0
35.0
30.0
40.0
17.0
27.0
1.0
22.0
33.0
48.0
36.0
35.0
35.0
32.0
4.0
45.0
28.0
41.0
36.0
34.0
33.0
30.0
31.0
40.0
1000.0
993.0
1000.0
0.0
1000.0
1000.0
1000.0
994.0
1000.0
1000.0
1000.0
1000.0
1000.0
996.0
1000.0
1000.0
1000.0
995.0
1000.0
996.0
959.0
1000.0
1000.0
1000.0
1000.0
1000.0
996.0
1000.0
733.0
1000.0
1000.0
1000.0
997.0
910.0
1000.0
0.0
1000.0
1000.0
999.0
918.0
1000.0
1000.0
884.0
0.0
1000.0
994.0
1000.0
28.0
1000.0
994.0
999.0
1000.0
997.0
0.0
995.0
9.0
906.0
992.0
1000.0
1000.0
1000.0
903.0
0.0
995.0
1000.0
1000.0
997.0
1000.0
997.0
1000.0
1000.0
904.0
994.0
1000.0
1000.0
889.0
1000.0
1000.0
998.0
1000.0
1000.0
0.0
997.0
507.0
1000.0
910.0
1000.0
1000.0
895.0
995.0
984.0
994.0
998.0
1000.0
1000.0
1000.0
1000.0
998.0
903.0
1000.0
17.0
1000.0
1000.0
1000.0
1000.0
1000.0
1000.0
885.0
994.0
0.0
1000.0
1000.0
1000.0
1000.0
963.0
1000.0
0.0
1000.0
0.0
1000.0
998.0
1000.0
996.0
1000.0
0.0
899.0
1000.0
1000.0
984.0
1000.0
902.0
1000.0
996.0
998.0
1000.0
0.0
1000.0
1000.0
996.0
994.0
996.0
891.0
1000.0
1000.0
1000.0
1000.0
1000.0
996.0
1000.0
1000.0
0.0
1000.0
0.0
898.0
974.0
1000.0
1000.0
1000.0
1000.0
1000.0
1000.0
1000.0
1000.0
1000.0
991.0
900.0
864.0
1000.0
1000.0
1000.0
999.0
880.0
994.0
1000.0
1000.0
997.0
997.0
1.0
1000.0
1000.0
1000.0
1000.0
998.0
999.0
0.0
1000.0
1000.0
1000.0
1000.0
1000.0
1000.0
1000.0
1000.0
1000.0
1000.0
888.0
1000.0
1000.0
1000.0
1000.0
997.0
996.0
1000.0
895.0
0.0
892.0
1000.0
988.0
1000.0
1000.0
1000.0
1000.0
1000.0
1000.0
992.0
1000.0
1000.0
1000.0
994.0
910.0
1000.0
1000.0
1000.0
1000.0
0.0
1000.0
993.0
1000.0
997.0
1000.0
1000.0
996.0
904.0
1000.0
997.0
1000.0
1000.0
892.0
1000.0
1000.0
819.0
1000.0
1000.0
999.0
1000.0
1000.0
1000.0
1000.0
996.0
996.0
1000.0
1000.0
997.0
1000.0
1000.0
1000.0
1000.0
1000.0
996.0
1000.0
896.0
1000.0
1000.0
1000.0
0.0
1000.0
1000.0
1000.0
996.0
1000.0
1000.0
1000.0
1000.0
1000.0
1000.0
757.0
995.0
1000.0
965.0
1000.0
845.0
1000.0
1000.0
999.0
1000.0
1000.0
1000.0
901.0
1000.0
1000.0
997.0
1000.0
1000.0
0.0
1000.0
187.0
1000.0
1000.0
1000.0
998.0
1000.0
1000.0
912.0
1000.0
994.0
1000.0
996.0
1000.0
884.0
1000.0
1000.0
1000.0
994.0
1000.0
1000.0
1000.0
1000.0
1000.0
998.0
1000.0
1000.0
1000.0
1000.0
1000.0
0.0
998.0
1000.0
41.0
1000.0
1000.0
1000.0
997.0
1000.0
892.0
1000.0
1000.0
1000.0
896.0
999.0
1000.0
994.0
1000.0
1000.0
1000.0
1000.0
998.0
1000.0
1000.0
1000.0
997.0
1000.0
0.0
1000.0
994.0
1000.0
1000.0
1000.0
1000.0
32.0
1000.0
1000.0
997.0
998.0
995.0
904.0
1000.0
1000.0
893.0
1000.0
997.0
992.0
1000.0
1000.0
1000.0
991.0
999.0
1000.0
897.0
1000.0
311.0
1000.0
999.0
995.0
890.0
1000.0
1000.0
1000.0
1000.0
1000.0
1000.0
992.0
1000.0
1000.0
993.0
998.0
884.0
1000.0
1000.0
0.0
998.0
1000.0
1000.0
1000.0
1000.0
1000.0
1000.0
906.0
997.0
989.0
1000.0
999.0
1000.0
903.0
1000.0
1000.0
1000.0
1000.0
863.0
1000.0
1000.0
0.0
869.0
1000.0
1000.0
1000.0
1000.0
898.0
1000.0
0.0
1000.0
0.0
1000.0
1000.0
1000.0
1000.0
1000.0
173.0
0.0
1000.0
1000.0
1000.0
1000.0
1000.0
955.0
881.0
1000.0
888.0
1000.0
1000.0
997.0
997.0
898.0
1000.0
997.0
1000.0
1000.0
1000.0
899.0
1000.0
1000.0
994.0
1000.0
1000.0
996.0
999.0
1000.0
911.0
1000.0
1000.0
896.0
1000.0
1000.0
1000.0
996.0
999.0
0.0
999.0
1000.0
905.0
1000.0
1000.0
1000.0
1000.0
1000.0
996.0
1000.0
1000.0
1000.0
997.0
31.0
997.0
997.0
1000.0
1000.0
903.0
1000.0
1000.0
1000.0
894.0
1000.0
1000.0
1000.0
993.0
1000.0
1000.0
935.0
994.0
1000.0
1000.0
1000.0
188.0
1000.0
1000.0
1000.0
991.0
1000.0
1000.0
1000.0
1000.0
1000.0
993.0
997.0
1000.0
1000.0
998.0
903.0
1000.0
998.0
998.0
1000.0
0.0
1000.0
997.0
1000.0
853.0
1000.0
1000.0
1000.0
1000.0
1000.0
1000.0
1000.0
900.0
1000.0
1000.0
994.0
995.0
1000.0
1000.0
1000.0
896.0
887.0
996.0
1000.0
1000.0
1000.0
999.0
1000.0
1000.0
1000.0
889.0
1000.0
1000.0
1000.0
132.0
1000.0
1000.0
1000.0
999.0
1000.0
1000.0
996.0
1000.0
1000.0
1000.0
1000.0
1000.0
892.0
1000.0
1000.0
1000.0
1000.0
994.0
999.0
45.0
1000.0
1000.0
885.0
1000.0
998.0
988.0
1000.0
998.0
997.0
1000.0
1000.0
998.0
996.0
911.0
1000.0
1000.0
1000.0
892.0
1000.0
1000.0
991.0
0.0
997.0
1000.0
1000.0
1000.0
891.0
828.0
1000.0
997.0
1000.0
1000.0
1000.0
983.0
0.0
0.0
167.0
1000.0
0.0
1000.0
1000.0
919.0
1000.0
0.0
1000.0
1000.0
1000.0
897.0
1000.0
883.0
996.0
1000.0
991.0
995.0
1000.0
1000.0
915.0
1000.0
996.0
1000.0
1000.0
886.0
1000.0
1000.0
1000.0
998.0
996.0
996.0
1000.0
1000.0
0.0
903.0
1000.0
1000.0
991.0
1000.0
1000.0
1000.0
1000.0
995.0
1000.0
1000.0
1000.0
993.0
915.0
1000.0
994.0
1000.0
1000.0
262.0
986.0
996.0
1000.0
1000.0
1.0
1000.0
1000.0
1000.0
1000.0
1000.0
890.0
1000.0
1000.0
1000.0
1000.0
996.0
1000.0
1000.0
624.0
1000.0
1000.0
994.0
1000.0
42.0
907.0
997.0
1000.0
994.0
144.0
1000.0
1000.0
906.0
1000.0
998.0
996.0
1000.0
1000.0
1000.0
1000.0
1000.0
996.0
1000.0
1000.0
998.0
999.0
378.0
1000.0
989.0
0.0
995.0
1000.0
1000.0
1000.0
1000.0
995.0
1000.0
1000.0
895.0
1000.0
902.0
1000.0
994.0
997.0
996.0
990.0
892.0
998.0
1000.0
1000.0
1000.0
1000.0
994.0
902.0
997.0
1000.0
994.0
1000.0
1000.0
1000.0
0.0
1000.0
994.0
1000.0
1000.0
895.0
893.0
1000.0
998.0
906.0
1000.0
1000.0
1000.0
1000.0
1000.0
1000.0
999.0
1000.0
904.0
755.0
0.0
197.0
858.0
1000.0
1000.0
1000.0
1000.0
997.0
1000.0
897.0
1000.0
1000.0
1000.0
1000.0
994.0
0.0
1000.0
1000.0
1000.0
1000.0
1000.0
1000.0
1000.0
0.0
883.0
993.0
1000.0
1000.0
1000.0
995.0
860.0
1000.0
1000.0
1000.0
894.0
1000.0
996.0
907.0
1000.0
1000.0
0.0
0.0
1000.0
895.0
998.0
0.0
1000.0
902.0
991.0
1000.0
894.0
1000.0
1000.0
1000.0
898.0
3.0
1000.0
1000.0
993.0
890.0
1000.0
998.0
994.0
1000.0
1000.0
1000.0
1000.0
1000.0
954.0
977.0
1000.0
996.0
994.0
998.0
740.0
999.0
879.0
998.0
1000.0
1000.0
1000.0
1000.0
1000.0
1000.0
318.0
1000.0
1000.0
0.0
1000.0
860.0
1000.0
1000.0
998.0
1000.0
996.0
1000.0
1000.0
1000.0
892.0
1000.0
1000.0
902.0
1000.0
1000.0
1000.0
1000.0
1000.0
1000.0
1000.0
999.0
1000.0
1000.0
995.0
1000.0
1000.0
1000.0
993.0
1000.0
1000.0
995.0
1000.0
1000.0
1000.0
1000.0
1000.0
1000.0
1000.0
1000.0
1000.0
1000.0
1000.0
995.0
994.0
1000.0
1000.0
994.0
0.0
1000.0
1000.0
908.0
1000.0
0.0
1000.0
803.0
901.0
843.0
1000.0
1000.0
1000.0
0.0
1000.0
1000.0
1000.0
1000.0
993.0
1000.0
911.0
1000.0
1000.0
1000.0
1000.0
1000.0
1000.0
1000.0
991.0
1000.0
1000.0
1000.0
999.0
1000.0
1000.0
998.0
999.0
1000.0
1000.0
1000.0
1000.0
995.0
1000.0
1000.0
1000.0
1000.0
1000.0
1000.0
1000.0
1000.0
1000.0
994.0
993.0
1000.0
1000.0
1000.0
906.0
964.0
1000.0
1000.0
1000.0
1000.0
1000.0
1000.0
903.0
895.0
1000.0
996.0
1000.0
904.0
1000.0
1000.0
1000.0
980.0
1000.0
1000.0
1000.0
1000.0
1000.0
1000.0
1000.0
995.0
982.0
0.0
1000.0
996.0
1000.0
1000.0
999.0
1000.0
1000.0
1000.0
1000.0
909.0
992.0
0.0
1000.0
1000.0
999.0
996.0
1000.0
996.0
892.0
1000.0
9.0
1000.0
1000.0
912.0
996.0
996.0
1000.0
996.0
1000.0
1000.0
0.0
1000.0
898.0
917.0
1000.0
174.0
1000.0
1000.0
99.0
995.0
1000.0
0.0
1000.0
914.0
991.0
1000.0
898.0
1000.0
1000.0
1000.0
977.0
1000.0
1000.0
1000.0
1000.0
997.0
1000.0
1000.0
1000.0
1000.0
1000.0
1000.0
1000.0
994.0
994.0
1000.0
1000.0
1000.0
1000.0
1000.0
1000.0
1000.0
992.0
1000.0
1000.0
993.0
1000.0
903.0
1000.0
1000.0
1000.0
908.0
1000.0
1000.0
997.0
0.0
1000.0
1000.0
1000.0
1000.0
1000.0
1000.0
1000.0
1000.0
992.0
1000.0
1000.0
1000.0
1000.0
991.0
1000.0
883.0
1000.0
1000.0
999.0
0.0
1000.0
996.0
1000.0
1000.0
1000.0
970.0
1000.0
138.0
1000.0
1000.0
994.0
1000.0
1000.0
1000.0
1000.0
909.0
890.0
899.0
998.0
999.0
644.0
1000.0
1000.0
1000.0
1000.0
1000.0
1000.0
998.0
1000.0
1000.0
0.0
1000.0
1000.0
876.0
993.0
1000.0
1000.0
1000.0
990.0
0.0
1000.0
1000.0
1000.0
911.0
996.0
1000.0
990.0
1000.0
0.0
1000.0
961.0
1000.0
1000.0
1000.0
1000.0
1000.0
0.0
1000.0
0.0
1000.0
1000.0
1000.0
1000.0
1000.0
1000.0
1000.0
1000.0
1000.0
0.0
1000.0
1000.0
1000.0
977.0
1000.0
907.0
0.0
1000.0
1000.0
1000.0
1000.0
914.0
1000.0
1000.0
1000.0
1000.0
0.0
991.0
1000.0
1000.0
1000.0
1000.0
1000.0
1000.0
1000.0
1000.0
1000.0
162.0
1000.0
1000.0
16.0
115.0
900.0
999.0
1000.0
999.0
0.0
1000.0
911.0
94.0
1000.0
1000.0
1000.0
906.0
1000.0
872.0
898.0
998.0
1000.0
1000.0
0.0
994.0
908.0
1000.0
1000.0
1000.0
1000.0
1000.0
0.0
996.0
1000.0
1000.0
1000.0
1000.0
1000.0
992.0
1000.0
1000.0
1000.0
997.0
1000.0
1000.0
995.0
962.0
999.0
1000.0
1000.0
1000.0
999.0
1000.0
1000.0
1000.0
1000.0
0.0
897.0
998.0
1000.0
190.0
989.0
1000.0
909.0
903.0
1000.0
1000.0
994.0
903.0
1000.0
1000.0
1000.0
1000.0
1000.0
994.0
244.0
1000.0
993.0
1000.0
906.0
1000.0
1000.0
995.0
1000.0
1000.0
898.0
1000.0
1000.0
1000.0
1000.0
1000.0
1000.0
997.0
1000.0
1000.0
995.0
1000.0
1000.0
1000.0
1000.0
897.0
1000.0
1000.0
0.0
1000.0
843.0
0.0
15.0
1000.0
997.0
1000.0
1000.0
1000.0
913.0
1000.0
0.0
786.0
1000.0
995.0
1000.0
995.0
1000.0
1000.0
1000.0
1000.0
999.0
1000.0
1000.0
1000.0
1000.0
1000.0
1000.0
1000.0
1000.0
1000.0
1000.0
1000.0
1000.0
914.0
0.0
998.0
995.0
1000.0
1000.0
1000.0
1000.0
1.0
998.0
996.0
1000.0
896.0
1000.0
1000.0
1000.0
0.0
1000.0
845.0
1000.0
1000.0
1000.0
996.0
1000.0
1000.0
1000.0
992.0
993.0
998.0
1000.0
892.0
1000.0
1000.0
996.0
907.0
1000.0
0.0
37.0
1000.0
0.0
1000.0
0.0
1000.0
1000.0
915.0
999.0
1000.0
1000.0
1000.0
1000.0
1000.0
1000.0
992.0
1000.0
893.0
181.0
1000.0
1000.0
1000.0
997.0
1000.0
1000.0
183.0
1000.0
907.0
888.0
1000.0
1000.0
1000.0
1000.0
1000.0
1000.0
1000.0
1000.0
830.0
971.0
1000.0
990.0
1000.0
898.0
994.0
1000.0
907.0
0.0
993.0
1000.0
908.0
907.0
1000.0
1000.0
1000.0
997.0
999.0
1000.0
1000.0
910.0
905.0
1000.0
1000.0
998.0
1000.0
1000.0
898.0
1000.0
1000.0
290.0
13.0
0.0
1000.0
992.0
998.0
1000.0
999.0
1000.0
890.0
1000.0
1000.0
0.0
997.0
1000.0
1000.0
1000.0
1000.0
830.0
998.0
999.0
1000.0
1000.0
1000.0
1000.0
1000.0
954.0
1000.0
996.0
1000.0
1000.0
895.0
1000.0
1000.0
1000.0
1000.0
0.0
1000.0
1000.0
1000.0
1.0
1000.0
1000.0
1000.0
1000.0
1000.0
888.0
1000.0
1000.0
1000.0
1000.0
874.0
995.0
246.0
911.0
1000.0
1000.0
0.0
1000.0
1000.0
1000.0
993.0
7.0
1000.0
1000.0
0.0
1000.0
1000.0
1000.0
997.0
0.0
1000.0
894.0
1000.0
1000.0
1000.0
0.0
1000.0
1000.0
1000.0
864.0
998.0
859.0
1000.0
1000.0
0.0
1000.0
1000.0
995.0
0.0
0.0
1000.0
969.0
1000.0
0.0
1000.0
996.0
995.0
1000.0
1000.0
1000.0
892.0
815.0
0.0
1000.0
1000.0
0.0
0.0
1000.0
1000.0
894.0
34.0
1000.0
1000.0
1000.0
999.0
1000.0
1000.0
1000.0
1000.0
0.0
997.0
896.0
1000.0
1000.0
1000.0
1000.0
901.0
115.0
1000.0
1000.0
1000.0
1000.0
995.0
911.0
994.0
1000.0
1000.0
1000.0
999.0
1000.0
1000.0
1000.0
1000.0
1000.0
896.0
1000.0
880.0
1000.0
995.0
916.0
996.0
0.0
998.0
1000.0
1000.0
1000.0
898.0
1000.0
1000.0
1000.0
1000.0
993.0
1000.0
1000.0
1000.0
1000.0
1000.0
1000.0
1000.0
1000.0
996.0
1000.0
1000.0
1000.0
1000.0
1000.0
1000.0
1000.0
1000.0
996.0
1000.0
1000.0
997.0
1000.0
998.0
1000.0
15.0
913.0
906.0
1000.0
1000.0
1000.0
1000.0
996.0
1000.0
1000.0
1000.0
11.0
1000.0
1000.0
1000.0
1000.0
993.0
1000.0
1000.0
39.0
0.0
1000.0
993.0
997.0
1000.0
1000.0
1000.0
971.0
1000.0
1000.0
0.0
1000.0
1000.0
1000.0
992.0
996.0
1000.0
1000.0
1000.0
1000.0
909.0
1000.0
1000.0
1000.0
988.0
998.0
1000.0
1000.0
1000.0
985.0
997.0
1000.0
997.0
1000.0
856.0
1000.0
1000.0
999.0
1000.0
993.0
1000.0
915.0
1000.0
1000.0
1000.0
1000.0
996.0
1000.0
1000.0
1000.0
999.0
1000.0
1000.0
1000.0
0.0
996.0
1000.0
1000.0
1000.0
1000.0
1000.0
1000.0
995.0
1000.0
1000.0
1000.0
1000.0
885.0
996.0
1000.0
1000.0
1000.0
1000.0
1000.0
1000.0
959.0
994.0
0.0
1000.0
897.0
1000.0
1000.0
0.0
999.0
1000.0
996.0
1000.0
1000.0
1000.0
1000.0
1000.0
1000.0
1000.0
1000.0
898.0
874.0
1000.0
1000.0
903.0
1000.0
1000.0
1000.0
1000.0
1000.0
998.0
1000.0
1000.0
1000.0
1000.0
1000.0
1000.0
995.0
1000.0
1000.0
980.0
232.0
996.0
999.0
0.0
1000.0
1000.0
1000.0
902.0
999.0
1000.0
993.0
7.0
1000.0
1000.0
994.0
1000.0
1000.0
861.0
1000.0
1000.0
1000.0
1000.0
1000.0
1000.0
1000.0
1000.0
1000.0
1000.0
1000.0
1000.0
1000.0
1000.0
888.0
1000.0
1000.0
0.0
1000.0
0.0
1000.0
877.0
1000.0
1000.0
994.0
1000.0
1000.0
1000.0
1000.0
1000.0
995.0
889.0
1000.0
747.0
1000.0
1000.0
897.0
997.0
898.0
1000.0
1000.0
19.0
0.0
995.0
884.0
1000.0
994.0
1000.0
1000.0
1000.0
0.0
1000.0
994.0
1000.0
0.0
1000.0
1000.0
968.0
1000.0
886.0
0.0
0.0
1000.0
1000.0
1000.0
53.0
902.0
1000.0
0.0
1000.0
886.0
1000.0
1000.0
1000.0
4.0
855.0
1000.0
998.0
919.0
1000.0
993.0
970.0
899.0
888.0
868.0
0.0
1000.0
1000.0
1000.0
1000.0
1000.0
1000.0
294.0
1000.0
994.0
1000.0
995.0
902.0
1000.0
998.0
30.0
1000.0
996.0
994.0
1000.0
5.0
1000.0
994.0
996.0
1000.0
794.0
988.0
1000.0
1000.0
1000.0
1000.0
0.0
1000.0
1000.0
1000.0
1000.0
0.0
1000.0
997.0
1000.0
1000.0
904.0
995.0
997.0
998.0
998.0
1000.0
1000.0
997.0
1000.0
1000.0
1000.0
885.0
1000.0
996.0
1000.0
999.0
998.0
1000.0
995.0
893.0
1000.0
1000.0
1000.0
1000.0
1000.0
891.0
1000.0
755.0
1000.0
1000.0
901.0
0.0
1000.0
1000.0
0.0
1000.0
996.0
989.0
1000.0
1000.0
1000.0
995.0
1000.0
1000.0
0.0
1000.0
999.0
1000.0
905.0
993.0
995.0
1000.0
1000.0
1000.0
1000.0
1000.0
1000.0
1000.0
877.0
1000.0
903.0
1000.0
0.0
0.0
996.0
1000.0
1000.0
1000.0
1000.0
1000.0
1000.0
1000.0
1000.0
1000.0
1000.0
872.0
1000.0
1000.0
1000.0
1000.0
1000.0
899.0
899.0
1000.0
1000.0
1000.0
1000.0
1000.0
1000.0
1000.0
993.0
1000.0
991.0
1000.0
1000.0
1000.0
1000.0
998.0
0.0
1000.0
993.0
994.0
1000.0
1000.0
1000.0
1000.0
1000.0
1000.0
1000.0
1000.0
902.0
1000.0
988.0
913.0
992.0
1000.0
1000.0
1000.0
995.0
1000.0
1000.0
1000.0
179.0
998.0
1000.0
908.0
1000.0
994.0
1000.0
907.0
1000.0
996.0
1000.0
1000.0
1000.0
1000.0
0.0
1000.0
1000.0
1000.0
1000.0
901.0
1000.0
997.0
1000.0
1000.0
1000.0
895.0
977.0
997.0
1000.0
1000.0
997.0
1000.0
1000.0
0.0
1000.0
1000.0
1000.0
1000.0
1000.0
1000.0
1000.0
1000.0
1000.0
0.0
1000.0
1000.0
1000.0
0.0
1000.0
895.0
1000.0
1000.0
1000.0
998.0
881.0
0.0
1000.0
1000.0
1000.0
9.0
998.0
1000.0
1000.0
1000.0
1000.0
896.0
1000.0
998.0
1000.0
1000.0
1000.0
1000.0
1000.0
1000.0
7.0
1000.0
1000.0
994.0
1000.0
1000.0
0.0
1000.0
1000.0
1000.0
1000.0
997.0
996.0
1000.0
0.0
993.0
991.0
1000.0
996.0
1000.0
1000.0
983.0
993.0
1000.0
1000.0
999.0
1000.0
1000.0
1000.0
1000.0
1000.0
1000.0
1000.0
906.0
1000.0
1000.0
1000.0
1000.0
1000.0
891.0
1000.0
1000.0
1000.0
833.0
1000.0
1000.0
1000.0
1000.0
1000.0
992.0
1000.0
1000.0
1000.0
1000.0
1000.0
1000.0
992.0
1000.0
0.0
1000.0
995.0
894.0
1000.0
994.0
994.0
1000.0
1000.0
998.0
1000.0
1000.0
996.0
1000.0
1000.0
997.0
1000.0
1000.0
1000.0
1000.0
882.0
997.0
1000.0
898.0
16.0
1000.0
1000.0
1000.0
1000.0
1000.0
1000.0
1000.0
999.0
1000.0
1000.0
1000.0
1000.0
930.0
1000.0
0.0
1000.0
1000.0
0.0
1000.0
1000.0
1000.0
900.0
1000.0
1000.0
1000.0
1000.0
994.0
1000.0
915.0
1000.0
1000.0
1000.0
1000.0
1000.0
1000.0
1000.0
1000.0
991.0
1000.0
1000.0
1000.0
0.0
1000.0
998.0
0.0
1000.0
999.0
998.0
899.0
1000.0
1000.0
1000.0
1000.0
1000.0
0.0
1000.0
1000.0
1000.0
911.0
910.0
1000.0
889.0
1000.0
0.0
908.0
1000.0
1000.0
908.0
1000.0
901.0
1000.0
998.0
0.0
1000.0
1000.0
997.0
997.0
1000.0
885.0
35.0
907.0
1000.0
1000.0
1000.0
1000.0
998.0
1000.0
900.0
1000.0
997.0
1000.0
1000.0
1000.0
994.0
999.0
1000.0
1000.0
995.0
1000.0
225.0
999.0
1000.0
996.0
903.0
1000.0
1000.0
1000.0
1000.0
1000.0
1000.0
923.0
897.0
1000.0
994.0
908.0
992.0
1000.0
1000.0
897.0
1000.0
1000.0
1000.0
1000.0
999.0
1000.0
998.0
1000.0
1000.0
0.0
996.0
974.0
0.0
1000.0
1000.0
1000.0
1000.0
0.0
988.0
908.0
1000.0
1000.0
994.0
1000.0
999.0
1000.0
1000.0
998.0
991.0
996.0
1000.0
920.0
0.0
1000.0
997.0
1000.0
996.0
997.0
1000.0
1000.0
882.0
1000.0
872.0
1000.0
0.0
0.0
991.0
1000.0
0.0
1000.0
1000.0
1000.0
1000.0
1000.0
1000.0
903.0
1000.0
1000.0
1000.0
894.0
992.0
987.0
1000.0
1000.0
1000.0
1000.0
1000.0
1000.0
1000.0
1000.0
890.0
1000.0
1000.0
1000.0
1000.0
1000.0
1000.0
997.0
1000.0
1000.0
1000.0
0.0
1000.0
907.0
1000.0
862.0
1000.0
995.0
1000.0
1000.0
884.0
1000.0
1000.0
1000.0
1000.0
900.0
1000.0
1000.0
1000.0
1000.0
1000.0
1000.0
1000.0
1000.0
996.0
860.0
1000.0
1000.0
1000.0
1000.0
1000.0
0.0
1000.0
1000.0
1000.0
570.0
910.0
1000.0
1000.0
1000.0
1000.0
1000.0
1000.0
997.0
1000.0
1000.0
1000.0
1000.0
996.0
1000.0
1000.0
1000.0
0.0
1000.0
1000.0
1000.0
1000.0
1000.0
1000.0
1000.0
1000.0
1000.0
1000.0
995.0
1000.0
1000.0
1000.0
997.0
995.0
998.0
1000.0
997.0
1000.0
1000.0
1000.0
0.0
1000.0
995.0
1000.0
1000.0
1000.0
1000.0
902.0
970.0
1000.0
1000.0
1000.0
995.0
891.0
1000.0
1000.0
1000.0
1000.0
1000.0
1000.0
1000.0
0.0
1000.0
0.0
1000.0
1000.0
0.0
0.0
1000.0
1000.0
1000.0
902.0
1000.0
1000.0
1000.0
1000.0
1000.0
1000.0
996.0
1000.0
896.0
1000.0
1000.0
1000.0
998.0
0.0
1000.0
1000.0
994.0
1000.0
1000.0
1000.0
1000.0
1000.0
1000.0
5.0
1000.0
994.0
1000.0
997.0
1000.0
907.0
1000.0
1000.0
1000.0
1000.0
1000.0
987.0
1000.0
1000.0
998.0
1000.0
1000.0
1000.0
1000.0
1000.0
1000.0
1000.0
1000.0
1000.0
1000.0
1000.0
1000.0
1000.0
0.0
1000.0
995.0
1000.0
1000.0
900.0
1000.0
1000.0
1000.0
1000.0
996.0
879.0
902.0
1000.0
1000.0
0.0
1000.0
1000.0
1000.0
995.0
1000.0
186.0
0.0
1000.0
1000.0
1000.0
912.0
1000.0
1000.0
1000.0
1000.0
1000.0
1000.0
1000.0
1000.0
1000.0
580.0
1000.0
996.0
1000.0
912.0
999.0
1000.0
1000.0
1000.0
915.0
0.0
1000.0
1000.0
1000.0
1000.0
1000.0
1000.0
1000.0
1000.0
994.0
1000.0
995.0
896.0
1000.0
1000.0
1000.0
1000.0
1000.0
1000.0
994.0
1000.0
1000.0
1000.0
1000.0
1000.0
958.0
1000.0
1000.0
999.0
1000.0
999.0
1000.0
1000.0
1000.0
1000.0
1000.0
1000.0
1000.0
1000.0
996.0
1000.0
1000.0
1000.0
1000.0
1000.0
1000.0
981.0
1000.0
1000.0
1000.0
911.0
1000.0
1000.0
913.0
1000.0
1000.0
1000.0
0.0
999.0
1000.0
1000.0
918.0
994.0
1000.0
1000.0
997.0
1000.0
1000.0
1000.0
1000.0
1000.0
1000.0
997.0
895.0
999.0
1000.0
1000.0
905.0
1000.0
1000.0
1000.0
997.0
910.0
998.0
1000.0
999.0
1000.0
1000.0
882.0
909.0
1000.0
1000.0
997.0
1000.0
1000.0
1000.0
1000.0
1000.0
1000.0
1000.0
1000.0
997.0
1000.0
1000.0
838.0
1000.0
1000.0
203.0
1000.0
896.0
997.0
994.0
1000.0
1000.0
1000.0
999.0
0.0
996.0
995.0
1000.0
1000.0
995.0
1000.0
1000.0
1000.0
1000.0
999.0
993.0
1000.0
1000.0
1000.0
922.0
1000.0
1000.0
896.0
1000.0
1000.0
1000.0
1000.0
1000.0
1000.0
994.0
1000.0
895.0
1000.0
1000.0
1000.0
1000.0
995.0
983.0
1000.0
183.0
1000.0
996.0
1000.0
1000.0
911.0
999.0
1000.0
1000.0
1000.0
1000.0
1000.0
1000.0
999.0
1000.0
997.0
992.0
1000.0
1000.0
999.0
996.0
1000.0
1000.0
1000.0
887.0
908.0
1000.0
156.0
1000.0
1000.0
999.0
1000.0
1000.0
1000.0
1000.0
986.0
1000.0
1000.0
996.0
996.0
1000.0
1000.0
1000.0
1000.0
885.0
1000.0
1000.0
1000.0
1000.0
898.0
1000.0
1000.0
1000.0
996.0
1000.0
1000.0
1000.0
1000.0
907.0
861.0
1000.0
885.0
1000.0
1000.0
1000.0
1000.0
1000.0
1000.0
1000.0
999.0
995.0
1000.0
1000.0
996.0
919.0
1000.0
999.0
1000.0
1000.0
1000.0
1000.0
1000.0
1000.0
1000.0
1000.0
880.0
999.0
1000.0
0.0
1000.0
1000.0
996.0
724.0
1000.0
1000.0
995.0
992.0
996.0
889.0
899.0
180.0
1000.0
996.0
1000.0
993.0
1000.0
1000.0
994.0
999.0
1000.0
997.0
1000.0
1000.0
996.0
1000.0
996.0
1000.0
1000.0
1000.0
1000.0
1000.0
1000.0
1000.0
1000.0
994.0
1000.0
1000.0
1000.0
1000.0
1000.0
1000.0
1000.0
1000.0
1000.0
873.0
1000.0
1000.0
35.0
995.0
998.0
1000.0
1000.0
233.0
1000.0
1000.0
1000.0
1000.0
1000.0
889.0
1000.0
892.0
963.0
906.0
868.0
998.0
1000.0
992.0
1000.0
408.0
1000.0
910.0
1000.0
993.0
998.0
1000.0
1000.0
897.0
911.0
736.0
999.0
997.0
1000.0
1000.0
1000.0
1000.0
932.0
6.0
999.0
992.0
908.0
1000.0
994.0
1000.0
1000.0
891.0
1000.0
1000.0
1000.0
195.0
1000.0
1000.0
1000.0
993.0
998.0
1000.0
894.0
1000.0
917.0
1000.0
993.0
994.0
999.0
1000.0
1000.0
1000.0
997.0
1000.0
1000.0
1000.0
998.0
994.0
1000.0
1000.0
1000.0
1000.0
1000.0
1000.0
902.0
1000.0
1000.0
1000.0
1000.0
1000.0
1000.0
894.0
1000.0
1000.0
1000.0
1000.0
1000.0
887.0
999.0
913.0
1000.0
1000.0
1000.0
1000.0
1000.0
1000.0
1000.0
1000.0
1000.0
1000.0
1000.0
1000.0
1000.0
1000.0
887.0
1000.0
889.0
999.0
1000.0
0.0
839.0
905.0
1000.0
907.0
1000.0
901.0
1000.0
999.0
1000.0
1000.0
1000.0
1000.0
1000.0
911.0
1000.0
1000.0
1000.0
908.0
1000.0
991.0
1000.0
1000.0
889.0
1000.0
999.0
1000.0
1000.0
1000.0
1000.0
996.0
1000.0
1000.0
1000.0
1000.0
1000.0
1000.0
903.0
1000.0
1000.0
1000.0
998.0
1000.0
998.0
1000.0
1000.0
1000.0
1000.0
1000.0
1000.0
1000.0
1000.0
0.0
993.0
1000.0
1000.0
1000.0
1000.0
1000.0
1000.0
966.0
1000.0
998.0
1000.0
1000.0
993.0
1000.0
997.0
998.0
1000.0
1000.0
905.0
1000.0
996.0
1000.0
996.0
1000.0
1000.0
996.0
997.0
1000.0
1000.0
1000.0
1000.0
1000.0
996.0
997.0
1000.0
907.0
1000.0
1000.0
1000.0
1000.0
1000.0
1000.0
1000.0
1000.0
1000.0
1000.0
1000.0
1000.0
900.0
159.0
996.0
993.0
904.0
996.0
1000.0
1000.0
1000.0
1000.0
66.0
1000.0
895.0
737.0
1000.0
994.0
999.0
1000.0
878.0
0.0
999.0
996.0
1000.0
1000.0
1000.0
1000.0
1000.0
1000.0
1000.0
899.0
997.0
997.0
1000.0
999.0
998.0
896.0
872.0
1000.0
998.0
1000.0
0.0
1000.0
994.0
1000.0
857.0
1000.0
998.0
999.0
1000.0
1000.0
1000.0
895.0
1000.0
1000.0
1000.0
1000.0
997.0
1000.0
1000.0
315.0
1000.0
1000.0
897.0
1000.0
1000.0
1000.0
1000.0
997.0
997.0
1000.0
1000.0
996.0
881.0
1000.0
1000.0
993.0
1000.0
1000.0
0.0
1000.0
1000.0
997.0
1000.0
980.0
1000.0
1000.0
995.0
994.0
1000.0
1000.0
892.0
996.0
15.0
1000.0
1000.0
1000.0
996.0
1000.0
1000.0
1000.0
996.0
978.0
992.0
990.0
575.0
1000.0
1000.0
1000.0
718.0
1000.0
1000.0
908.0
927.0
1000.0
892.0
1000.0
0.0
1000.0
1000.0
1000.0
992.0
1000.0
1000.0
992.0
1000.0
1000.0
1000.0
992.0
1000.0
1000.0
1000.0
1000.0
1000.0
992.0
1000.0
1000.0
197.0
1000.0
1000.0
1000.0
1000.0
1000.0
902.0
1000.0
995.0
998.0
1000.0
1000.0
1000.0
996.0
1000.0
1000.0
1000.0
1000.0
0.0
1000.0
999.0
1000.0
1000.0
1000.0
1000.0
1000.0
897.0
1000.0
897.0
1000.0
996.0
1000.0
1000.0
884.0
901.0
995.0
1000.0
1000.0
998.0
999.0
992.0
1000.0
1000.0
998.0
1000.0
997.0
914.0
999.0
1000.0
999.0
996.0
1000.0
1000.0
1000.0
1000.0
910.0
0.0
1000.0
1000.0
1000.0
1000.0
896.0
1000.0
894.0
995.0
1000.0
1000.0
1000.0
1000.0
0.0
1000.0
996.0
0.0
1000.0
1000.0
1000.0
1000.0
1000.0
1000.0
999.0
996.0
1000.0
1000.0
897.0
996.0
1000.0
1000.0
1000.0
238.0
1000.0
996.0
1000.0
1000.0
997.0
1000.0
1000.0
1000.0
1000.0
996.0
0.0
994.0
996.0
995.0
1000.0
1000.0
1000.0
1000.0
1000.0
223.0
998.0
1000.0
996.0
1000.0
1000.0
1000.0
924.0
1000.0
1000.0
990.0
960.0
903.0
1000.0
1000.0
1000.0
1000.0
989.0
1000.0
1000.0
823.0
1000.0
1000.0
1000.0
998.0
955.0
636.0
1000.0
1000.0
1000.0
1000.0
1000.0
992.0
190.0
904.0
1000.0
1000.0
1000.0
1000.0
1000.0
1000.0
1000.0
1000.0
1000.0
1000.0
1000.0
1000.0
1000.0
1000.0
1000.0
1000.0
997.0
995.0
1000.0
1000.0
998.0
897.0
1000.0
990.0
892.0
1000.0
998.0
894.0
161.0
0.0
1000.0
1000.0
1000.0
883.0
995.0
1000.0
994.0
1000.0
895.0
1000.0
955.0
1000.0
1000.0
1000.0
1000.0
1000.0
1000.0
1000.0
1000.0
905.0
1000.0
1000.0
912.0
909.0
1000.0
906.0
919.0
994.0
1000.0
1000.0
1000.0
998.0
1000.0
1000.0
1000.0
1000.0
1000.0
1000.0
998.0
999.0
1000.0
901.0
1000.0
1000.0
997.0
1000.0
896.0
862.0
905.0
898.0
1000.0
996.0
1000.0
1000.0
1000.0
1000.0
1000.0
1000.0
1000.0
1000.0
1000.0
1000.0
1000.0
1000.0
1000.0
1000.0
1000.0
0.0
1000.0
1000.0
1000.0
902.0
1000.0
1000.0
996.0
1000.0
1000.0
1000.0
0.0
996.0
1000.0
1000.0
979.0
1000.0
0.0
1000.0
1000.0
993.0
1000.0
1000.0
1000.0
1000.0
974.0
1000.0
1000.0
1000.0
1000.0
43.0
1000.0
1000.0
1000.0
1000.0
1000.0
1000.0
1000.0
1000.0
1000.0
1000.0
1000.0
968.0
1000.0
992.0
900.0
1000.0
897.0
998.0
997.0
996.0
904.0
899.0
996.0
1000.0
1000.0
991.0
1000.0
1000.0
1000.0
1000.0
901.0
1000.0
995.0
1000.0
182.0
957.0
1000.0
1000.0
1000.0
974.0
1000.0
992.0
999.0
999.0
998.0
1000.0
996.0
997.0
1000.0
737.0
1000.0
895.0
1000.0
1000.0
1000.0
186.0
998.0
1000.0
1000.0
1000.0
1000.0
999.0
907.0
993.0
996.0
1000.0
1000.0
898.0
1000.0
1000.0
999.0
997.0
1000.0
996.0
1000.0
1000.0
1000.0
918.0
997.0
1000.0
1000.0
997.0
1000.0
901.0
1000.0
728.0
1000.0
1000.0
992.0
1000.0
1000.0
1000.0
875.0
1000.0
1000.0
1000.0
1000.0
1000.0
910.0
1000.0
1000.0
993.0
1000.0
1000.0
1000.0
1000.0
1000.0
1000.0
995.0
1000.0
1000.0
0.0
1000.0
996.0
1000.0
1000.0
892.0
892.0
993.0
1000.0
907.0
1000.0
1000.0
1000.0
1000.0
1000.0
1000.0
999.0
1000.0
999.0
1000.0
1000.0
1000.0
1000.0
996.0
908.0
991.0
1000.0
1000.0
994.0
1000.0
1000.0
995.0
844.0
0.0
985.0
991.0
1000.0
968.0
994.0
1000.0
1000.0
1000.0
920.0
1000.0
1000.0
1000.0
995.0
1000.0
994.0
1000.0
996.0
1000.0
996.0
907.0
310.0
1000.0
1000.0
1000.0
1000.0
1000.0
997.0
1000.0
1000.0
1000.0
997.0
1000.0
999.0
963.0
0.0
160.0
0.0
998.0
898.0
997.0
898.0
995.0
1000.0
995.0
1000.0
1000.0
996.0
1000.0
1000.0
909.0
1000.0
1000.0
1000.0
999.0
1.0
1000.0
1000.0
896.0
1000.0
995.0
994.0
0.0
1000.0
1000.0
1000.0
1000.0
1000.0
1000.0
993.0
1000.0
1000.0
1000.0
1000.0
999.0
1000.0
1000.0
1000.0
994.0
996.0
908.0
1000.0
996.0
1000.0
996.0
997.0
1000.0
1000.0
1000.0
195.0
896.0
1000.0
923.0
1000.0
914.0
889.0
1000.0
997.0
1000.0
1000.0
994.0
1000.0
1000.0
1000.0
1000.0
998.0
996.0
1000.0
1000.0
995.0
1000.0
1000.0
1000.0
1000.0
993.0
999.0
1000.0
997.0
1000.0
1000.0
1000.0
998.0
999.0
1000.0
1000.0
1000.0
1000.0
1000.0
996.0
1000.0
1000.0
890.0
1000.0
1000.0
1000.0
151.0
1000.0
995.0
887.0
1000.0
0.0
1000.0
900.0
904.0
890.0
1000.0
911.0
1000.0
1000.0
1000.0
997.0
999.0
1000.0
960.0
1000.0
993.0
1000.0
1000.0
902.0
887.0
1000.0
900.0
1000.0
998.0
1000.0
1000.0
1000.0
995.0
998.0
894.0
889.0
995.0
1000.0
729.0
1000.0
1000.0
1000.0
1000.0
1000.0
993.0
1000.0
997.0
996.0
898.0
1000.0
999.0
1000.0
994.0
1000.0
1000.0
1000.0
42.0
1000.0
894.0
984.0
68.0
1000.0
1000.0
996.0
1000.0
1000.0
1000.0
997.0
1000.0
1000.0
1000.0
1000.0
1000.0
1000.0
1000.0
998.0
1000.0
996.0
998.0
1000.0
989.0
995.0
1000.0
1000.0
997.0
996.0
998.0
1000.0
996.0
1000.0
883.0
1000.0
1000.0
992.0
1000.0
23.0
995.0
995.0
1000.0
1000.0
884.0
1000.0
1000.0
997.0
995.0
1000.0
1000.0
135.0
1000.0
911.0
1000.0
1000.0
904.0
1000.0
1000.0
999.0
1000.0
997.0
908.0
1000.0
1000.0
904.0
1000.0
868.0
996.0
1000.0
1000.0
1000.0
1000.0
998.0
1000.0
1000.0
1000.0
995.0
1000.0
1000.0
1000.0
1000.0
998.0
995.0
995.0
1000.0
894.0
996.0
998.0
996.0
897.0
897.0
0.0
998.0
996.0
1000.0
997.0
1000.0
1000.0
1000.0
1000.0
997.0
1000.0
997.0
911.0
999.0
1000.0
0.0
869.0
1000.0
737.0
902.0
1000.0
0.0
0.0
1000.0
1000.0
984.0
898.0
1000.0
1000.0
0.0
890.0
1000.0
912.0
1000.0
993.0
996.0
1000.0
0.0
1000.0
1000.0
994.0
1000.0
1000.0
990.0
1000.0
1000.0
1000.0
24.0
1000.0
1000.0
0.0
1000.0
1000.0
1000.0
1000.0
1000.0
1000.0
839.0
996.0
995.0
897.0
1000.0
0.0
1000.0
867.0
1000.0
1000.0
903.0
1000.0
997.0
1000.0
1000.0
1000.0
1000.0
1000.0
8.0
912.0
1000.0
1000.0
1000.0
914.0
1000.0
994.0
1000.0
1000.0
984.0
999.0
1000.0
1000.0
1000.0
898.0
995.0
994.0
0.0
995.0
1000.0
0.0
1000.0
1000.0
1000.0
1000.0
904.0
1000.0
1000.0
1000.0
1000.0
1000.0
0.0
1000.0
998.0
997.0
996.0
460.0
1000.0
1000.0
0.0
1000.0
918.0
1000.0
1000.0
993.0
1000.0
1000.0
1000.0
992.0
1000.0
997.0
1000.0
1000.0
0.0
995.0
996.0
998.0
1000.0
900.0
1000.0
851.0
997.0
1000.0
996.0
1000.0
1000.0
995.0
999.0
905.0
1000.0
1000.0
1000.0
1000.0
1000.0
1000.0
993.0
1000.0
1000.0
1000.0
1000.0
999.0
998.0
991.0
1000.0
987.0
1000.0
1000.0
1000.0
1000.0
1000.0
0.0
1000.0
1000.0
1000.0
997.0
679.0
82.0
991.0
1000.0
1000.0
1000.0
1000.0
1000.0
894.0
998.0
995.0
1000.0
994.0
164.0
1000.0
1000.0
1000.0
1000.0
208.0
1000.0
1000.0
902.0
1000.0
901.0
1000.0
903.0
1000.0
1000.0
1000.0
1000.0
999.0
1000.0
1000.0
1000.0
828.0
1000.0
1000.0
916.0
0.0
1000.0
1000.0
1000.0
998.0
999.0
1000.0
998.0
1000.0
1000.0
1000.0
996.0
1000.0
0.0
882.0
898.0
1000.0
898.0
1000.0
1000.0
997.0
992.0
897.0
998.0
887.0
896.0
908.0
1000.0
899.0
1000.0
996.0
1000.0
1000.0
1000.0
1000.0
993.0
1000.0
1000.0
998.0
1000.0
1000.0
900.0
1000.0
999.0
1000.0
996.0
1000.0
1000.0
1000.0
877.0
1000.0
1000.0
1000.0
1000.0
896.0
52.0
888.0
1000.0
1000.0
997.0
898.0
1000.0
1000.0
0.0
1000.0
886.0
998.0
995.0
844.0
1000.0
1000.0
0.0
1000.0
996.0
994.0
1000.0
1000.0
991.0
992.0
993.0
1000.0
898.0
1000.0
1000.0
997.0
1000.0
1000.0
1000.0
999.0
995.0
993.0
1000.0
898.0
999.0
1000.0
999.0
1000.0
1000.0
38.0
0.0
0.0
1000.0
998.0
1000.0
1000.0
1000.0
27.0
992.0
971.0
1000.0
901.0
1000.0
1000.0
1000.0
1000.0
1000.0
997.0
1000.0
1000.0
1000.0
998.0
0.0
1000.0
990.0
1000.0
1000.0
996.0
996.0
992.0
1000.0
974.0
1000.0
995.0
1000.0
923.0
1000.0
1000.0
1000.0
997.0
1000.0
1000.0
1000.0
1000.0
1000.0
46.0
1000.0
1000.0
901.0
991.0
910.0
992.0
996.0
1000.0
996.0
897.0
1000.0
993.0
1000.0
1000.0
1000.0
1000.0
1000.0
998.0
974.0
307.0
1000.0
997.0
1000.0
887.0
1000.0
927.0
1000.0
1000.0
899.0
1000.0
1000.0
996.0
997.0
1000.0
996.0
1000.0
991.0
891.0
1000.0
993.0
1000.0
94.0
883.0
471.0
1000.0
1000.0
1000.0
997.0
1000.0
1000.0
993.0
911.0
1000.0
1000.0
1000.0
1000.0
1000.0
1000.0
1000.0
1000.0
924.0
1000.0
999.0
997.0
1000.0
898.0
996.0
997.0
995.0
1000.0
1000.0
1000.0
1000.0
674.0
996.0
1000.0
1000.0
1000.0
904.0
1000.0
969.0
279.0
1000.0
989.0
1000.0
1000.0
1000.0
905.0
1000.0
999.0
996.0
1000.0
1000.0
954.0
889.0
905.0
993.0
1000.0
1000.0
1000.0
999.0
995.0
997.0
902.0
997.0
913.0
900.0
912.0
37.0
0.0
909.0
995.0
1000.0
889.0
1000.0
998.0
266.0
895.0
999.0
912.0
1000.0
1000.0
1000.0
1000.0
1000.0
999.0
995.0
880.0
1000.0
887.0
998.0
1000.0
997.0
994.0
1000.0
915.0
1000.0
1000.0
997.0
16.0
907.0
1000.0
993.0
1000.0
1000.0
998.0
1000.0
1000.0
1000.0
1000.0
1000.0
1000.0
1000.0
1000.0
997.0
922.0
123.0
899.0
1000.0
917.0
878.0
1000.0
917.0
1000.0
1000.0
1000.0
1000.0
916.0
848.0
1000.0
1000.0
992.0
1000.0
890.0
1000.0
999.0
1000.0
1000.0
909.0
1000.0
1000.0
1000.0
1000.0
996.0
1000.0
1000.0
995.0
898.0
1000.0
1000.0
997.0
986.0
998.0
916.0
1000.0
901.0
380.0
0.0
1000.0
1000.0
192.0
995.0
1000.0
1000.0
996.0
1000.0
1000.0
998.0
1000.0
902.0
992.0
1000.0
1000.0
1000.0
998.0
997.0
994.0
895.0
524.0
1000.0
904.0
1000.0
904.0
998.0
1000.0
968.0
1000.0
350.0
0.0
1000.0
996.0
995.0
994.0
998.0
1000.0
954.0
993.0
1000.0
996.0
907.0
999.0
894.0
233.0
1000.0
23.0
1000.0
1000.0
887.0
899.0
998.0
998.0
997.0
999.0
994.0
124.0
1000.0
1000.0
905.0
905.0
1000.0
1000.0
903.0
1000.0
38.0
993.0
1000.0
1000.0
909.0
921.0
1000.0
1000.0
1000.0
909.0
1000.0
1000.0
1000.0
1000.0
909.0
1000.0
992.0
1000.0
898.0
999.0
994.0
0.0
909.0
996.0
189.0
991.0
974.0
1000.0
999.0
0.0
892.0
937.0
1000.0
911.0
1000.0
1000.0
1000.0
1000.0
1000.0
908.0
1000.0
1000.0
1000.0
908.0
991.0
0.0
913.0
995.0
998.0
1000.0
996.0
1000.0
1000.0
994.0
1000.0
998.0
889.0
866.0
1000.0
121.0
0.0
999.0
1000.0
991.0
1000.0
996.0
1000.0
1000.0
906.0
1000.0
1000.0
1000.0
996.0
1000.0
915.0
898.0
1000.0
913.0
1000.0
900.0
911.0
992.0
0.0
1000.0
1000.0
1000.0
1000.0
1000.0
1000.0
997.0
1000.0
1000.0
999.0
993.0
890.0
904.0
1000.0
732.0
995.0
995.0
995.0
999.0
1000.0
899.0
901.0
181.0
998.0
1000.0
1000.0
1000.0
902.0
1000.0
1000.0
994.0
997.0
995.0
1000.0
1000.0
999.0
710.0
1000.0
894.0
913.0
1000.0
1000.0
1000.0
999.0
1000.0
1000.0
902.0
992.0
1000.0
917.0
1000.0
851.0
1000.0
878.0
997.0
1000.0
992.0
875.0
997.0
996.0
1000.0
858.0
1000.0
799.0
902.0
998.0
996.0
995.0
906.0
891.0
1000.0
216.0
1000.0
895.0
992.0
905.0
999.0
999.0
1000.0
68.0
993.0
907.0
890.0
900.0
1000.0
889.0
895.0
1000.0
1000.0
1000.0
1000.0
0.0
994.0
999.0
980.0
1000.0
995.0
991.0
0.0
1000.0
1000.0
1000.0
1000.0
892.0
1000.0
1000.0
999.0
1000.0
881.0
994.0
999.0
772.0
1000.0
906.0
913.0
993.0
973.0
900.0
1000.0
994.0
1000.0
1000.0
889.0
995.0
869.0
914.0
1000.0
999.0
994.0
914.0
902.0
899.0
902.0
0.0
807.0
996.0
994.0
910.0
1000.0
977.0
896.0
809.0
901.0
1000.0
879.0
997.0
1000.0
1000.0
903.0
862.0
0.0
993.0
894.0
995.0
997.0
994.0
68.0
994.0
993.0
907.0
1000.0
993.0
1000.0
994.0
853.0
994.0
874.0
976.0
0.0
993.0
996.0
995.0
962.0
891.0
991.0
904.0
873.0
899.0
900.0
998.0
913.0
994.0
1000.0
897.0
863.0
993.0
852.0
951.0
1000.0
126.0
998.0
1000.0
0.0
998.0
1000.0
996.0
1000.0
994.0
910.0
850.0
155.0
996.0
992.0
38.0
896.0
973.0
0.0
902.0
903.0
194.0
897.0
1000.0
0.0
897.0
915.0
1000.0
989.0
999.0
997.0
901.0
194.0
1000.0
5.0
965.0
101.0
1000.0
999.0
902.0
896.0
880.0
906.0
896.0
900.0
905.0
908.0
898.0
176.0
913.0
997.0
394.0
911.0
898.0
910.0
911.0
907.0
917.0
994.0
878.0
906.0
888.0
893.0
893.0
901.0
915.0
906.0
893.0
[[6.59328250e-01 7.97323639e-03 2.58195899e-04 3.32440318e-01]
 [3.25534136e-03 6.71628854e-01 1.57905029e-04 3.24957900e-01]
 [3.77787894e-03 9.77239079e-04 8.72675471e-01 1.22569411e-01]
 [1.59720867e-02 1.35819682e-02 9.02409203e-03 9.61421853e-01]]
